LOAD_START

オフセット情報
SET_OFFSET
	FILENAME data/MOTION/PLAYER/body_00.x
	PARENT -1
	POS 0.00 2.70 0.00
	ROT 0.00 0.00 0.00
	SCL 1.00 1.00 1.00

	FILENAME data/MOTION/PLAYER/head_01.x
	PARENT 0
	POS 0.00 2.30 0.00
	ROT 0.00 0.00 0.00
	SCL 1.00 1.00 1.00

	FILENAME data/MOTION/PLAYER/armR_00.x
	PARENT 0
	POS -1.20 1.50 0.00
	ROT 0.00 0.00 0.00
	SCL 1.00 1.00 1.00

	FILENAME data/MOTION/PLAYER/handR_00.x
	PARENT 2
	POS -1.30 0.00 0.00
	ROT 0.00 0.00 0.00
	SCL 1.00 1.00 1.00

	FILENAME data/MOTION/PLAYER/armL_00.x
	PARENT 0
	POS 1.20 1.50 0.00
	ROT 0.00 0.00 0.00
	SCL 1.00 1.00 1.00

	FILENAME data/MOTION/PLAYER/handL_00.x
	PARENT 4
	POS 1.30 0.00 0.00
	ROT 0.00 0.00 0.00
	SCL 1.00 1.00 1.00

	FILENAME data/MOTION/PLAYER/legR_00.x
	PARENT 0
	POS -1.10 -0.30 0.00
	ROT 0.00 0.00 0.00
	SCL 1.00 1.00 1.00

	FILENAME data/MOTION/PLAYER/footR_00.x
	PARENT 6
	POS 0.00 -1.20 0.00
	ROT 0.00 0.00 0.00
	SCL 1.00 1.00 1.00

	FILENAME data/MOTION/PLAYER/legL_00.x
	PARENT 0
	POS 1.10 -0.30 0.00
	ROT 0.00 0.00 0.00
	SCL 1.00 1.00 1.00

	FILENAME data/MOTION/PLAYER/footL_00.x
	PARENT 8
	POS 0.00 -1.20 0.00
	ROT 0.00 0.00 0.00
	SCL 1.00 1.00 1.00
END_OFFSET

モーション情報
SET_MOTION
	SET_KEY_FRAME
		FRAME 40
			POS 0.00 0.00 0.00
			ROT 0.00 0.00 0.00
			SCL 0.00 0.00 0.00

			POS 0.00 0.00 0.00
			ROT 0.03 0.00 0.00
			SCL 0.00 0.00 0.00

			POS 0.00 0.00 0.00
			ROT 0.00 -0.25 0.50
			SCL 0.00 0.00 0.00

			POS 0.00 0.00 0.00
			ROT 0.00 -0.25 0.00
			SCL 0.00 0.00 0.00

			POS 0.00 0.00 0.00
			ROT 0.00 0.25 -0.50
			SCL 0.00 0.00 0.00

			POS 0.00 0.00 0.00
			ROT 0.00 0.25 0.00
			SCL 0.00 0.00 0.00

			POS 0.00 0.00 0.00
			ROT 0.00 0.00 -0.09
			SCL 0.00 0.00 0.00

			POS 0.00 0.00 0.00
			ROT 0.00 0.00 0.00
			SCL 0.00 0.00 0.00

			POS 0.00 0.00 0.00
			ROT 0.00 0.00 0.09
			SCL 0.00 0.00 0.00

			POS 0.00 0.00 0.00
			ROT 0.00 0.00 0.00
			SCL 0.00 0.00 0.00
		FRAME 40
			POS 0.00 -0.10 0.00
			ROT -0.03 0.00 0.00
			SCL 0.00 0.00 0.00

			POS 0.00 0.00 0.00
			ROT -0.06 0.00 0.00
			SCL 0.00 0.00 0.00

			POS 0.00 0.00 0.00
			ROT 0.00 -0.25 0.79
			SCL 0.00 0.00 0.00

			POS 0.00 0.00 0.00
			ROT 0.00 -0.53 0.00
			SCL 0.00 0.00 0.00

			POS 0.00 0.00 0.00
			ROT 0.00 0.25 -0.79
			SCL 0.00 0.00 0.00

			POS 0.00 0.00 0.00
			ROT 0.00 0.53 0.00
			SCL 0.00 0.00 0.00

			POS 0.00 0.10 0.00
			ROT 0.06 0.00 -0.09
			SCL 0.00 0.00 0.00

			POS 0.00 0.00 0.00
			ROT 0.00 -0.18 0.00
			SCL 0.00 0.00 0.00

			POS 0.00 0.10 0.00
			ROT 0.06 0.00 0.09
			SCL 0.00 0.00 0.00

			POS 0.00 0.00 0.00
			ROT -0.18 0.00 0.00
			SCL 0.00 0.00 0.00
	SET_KEY_FRAME
		SET_SOUND
			ID    16
			FRAME 5

			ID    16
			FRAME 25
		END_SOUND

		FRAME 20
			POS 0.00 0.00 0.00
			ROT -0.12 -0.16 0.00
			SCL 0.00 0.00 0.00

			POS 0.00 0.00 0.00
			ROT 0.03 0.00 0.00
			SCL 0.00 0.00 0.00

			POS 0.00 0.00 0.00
			ROT 1.16 0.00 1.09
			SCL 0.00 0.00 0.00

			POS 0.00 0.00 0.00
			ROT 0.00 -1.09 0.00
			SCL 0.00 0.00 0.00

			POS 0.00 0.00 0.00
			ROT -1.13 0.00 -1.09
			SCL 0.00 0.00 0.00

			POS 0.00 0.00 0.00
			ROT 0.00 1.09 0.00
			SCL 0.00 0.00 0.00

			POS 0.00 0.00 0.00
			ROT -0.81 0.00 0.00
			SCL 0.00 0.00 0.00

			POS 0.00 0.00 0.00
			ROT -0.97 0.00 0.00
			SCL 0.00 0.00 0.00

			POS 0.00 0.00 0.00
			ROT 0.97 0.00 0.00
			SCL 0.00 0.00 0.00

			POS 0.00 0.00 0.00
			ROT 0.00 0.00 0.00
			SCL 0.00 0.00 0.00
		FRAME 20
			POS 0.00 0.00 0.00
			ROT -0.12 0.16 0.00
			SCL 0.00 0.00 0.00

			POS 0.00 0.00 0.00
			ROT 0.00 0.00 0.00
			SCL 0.00 0.00 0.00

			POS 0.00 0.00 0.00
			ROT -1.13 0.00 1.09
			SCL 0.00 0.00 0.00

			POS 0.00 0.00 0.00
			ROT 0.00 -1.09 0.00
			SCL 0.00 0.00 0.00

			POS 0.00 0.00 0.00
			ROT 1.16 0.00 -1.09
			SCL 0.00 0.00 0.00

			POS 0.00 0.00 0.00
			ROT 0.00 1.09 0.00
			SCL 0.00 0.00 0.00

			POS 0.00 0.00 0.00
			ROT 0.97 0.00 0.00
			SCL 0.00 0.00 0.00

			POS 0.00 0.00 0.00
			ROT 0.00 0.00 0.00
			SCL 0.00 0.00 0.00

			POS 0.00 0.00 0.00
			ROT -0.81 0.00 0.00
			SCL 0.00 0.00 0.00

			POS 0.00 0.00 0.00
			ROT -0.97 0.00 0.00
			SCL 0.00 0.00 0.00
	SET_KEY_FRAME
		SET_SOUND
			ID    14
			FRAME 2
		END_SOUND

		SET_COLLISION
			PARTS 3
			POS -0.94 0.00 0.00
			SCL 5.04
			START 4
			END 11
		END_COLLISION

		FRAME 5
			POS 0.00 2.35 0.00
			ROT 0.15 0.41 -0.69
			SCL 0.00 0.00 0.00

			POS 0.00 0.00 0.00
			ROT 0.19 -0.31 0.00
			SCL 0.00 0.00 0.00

			POS 0.00 0.00 0.00
			ROT 1.13 -0.03 -1.03
			SCL 0.00 0.00 0.00

			POS 0.00 0.00 0.00
			ROT 0.00 0.00 0.47
			SCL 0.00 0.00 0.00

			POS 0.00 0.00 0.00
			ROT -0.31 1.10 -0.47
			SCL 0.00 0.00 0.00

			POS 0.00 0.00 0.00
			ROT -0.44 0.00 -0.47
			SCL 0.00 0.00 0.00

			POS 0.00 0.13 0.00
			ROT 1.51 0.00 -0.31
			SCL 0.00 0.00 0.00

			POS 0.00 0.00 0.00
			ROT 0.00 0.00 0.00
			SCL 0.00 0.00 0.00

			POS 0.00 0.13 0.00
			ROT -0.59 0.00 0.72
			SCL 0.00 0.00 0.00

			POS 0.00 0.00 0.00
			ROT 0.00 0.00 0.00
			SCL 0.00 0.00 0.00
		FRAME 10
			POS 0.00 -0.00 0.00
			ROT -0.70 -0.60 0.00
			SCL 0.00 0.00 0.00

			POS 0.00 0.00 0.00
			ROT -0.56 0.00 0.00
			SCL 0.00 0.00 0.00

			POS 0.00 0.00 0.00
			ROT 2.33 -0.69 0.10
			SCL 0.00 0.00 0.00

			POS 0.00 0.00 0.00
			ROT 0.00 0.00 0.47
			SCL 6.00 6.00 6.00

			POS 0.00 0.00 0.00
			ROT 0.00 -0.66 0.12
			SCL 0.00 0.00 0.00

			POS 0.00 0.00 0.00
			ROT -1.45 0.09 -0.16
			SCL 0.00 0.00 0.00

			POS 0.00 0.13 0.00
			ROT 1.39 -0.00 -0.32
			SCL 0.00 0.00 0.00

			POS 0.00 0.00 0.00
			ROT -0.66 0.00 0.00
			SCL 0.00 0.00 0.00

			POS 0.00 0.13 0.00
			ROT -1.22 0.03 -0.22
			SCL 0.00 0.00 0.00

			POS 0.00 0.00 0.00
			ROT -0.57 0.00 0.00
			SCL 0.00 0.00 0.00
		FRAME 4
			POS 0.00 -0.85 0.00
			ROT -0.51 -0.47 0.00
			SCL 0.00 0.00 0.00

			POS 0.00 0.00 0.00
			ROT -0.56 0.00 0.00
			SCL 0.00 0.00 0.00

			POS 0.00 0.00 0.00
			ROT 0.79 -1.19 0.95
			SCL 0.00 0.00 0.00

			POS 0.00 0.00 0.00
			ROT 0.00 0.00 0.47
			SCL 0.00 0.00 0.00

			POS 0.00 0.00 0.00
			ROT 0.00 -0.66 0.12
			SCL 0.00 0.00 0.00

			POS 0.00 0.00 0.00
			ROT -1.45 0.09 -0.16
			SCL 0.00 0.00 0.00

			POS 0.00 0.13 0.00
			ROT 1.45 0.00 -0.16
			SCL 0.00 0.00 0.00

			POS 0.00 0.00 0.00
			ROT -0.66 0.00 0.00
			SCL 0.00 0.00 0.00

			POS 0.00 0.13 0.00
			ROT 0.13 0.00 0.00
			SCL 0.00 0.00 0.00

			POS 0.00 0.00 0.00
			ROT -0.57 0.00 0.00
			SCL 0.00 0.00 0.00
		FRAME 0
			POS 0.00 0.35 0.00
			ROT -0.13 0.00 0.00
			SCL 0.00 0.00 0.00

			POS 0.00 0.00 0.00
			ROT -0.06 0.00 0.00
			SCL 0.00 0.00 0.00

			POS 0.00 0.00 0.00
			ROT 0.00 0.00 1.04
			SCL 0.00 0.00 0.00

			POS 0.00 0.00 0.00
			ROT 0.00 0.00 0.47
			SCL 0.00 0.00 0.00

			POS 0.00 0.00 0.00
			ROT 0.00 0.00 -1.04
			SCL 0.00 0.00 0.00

			POS 0.00 0.00 0.00
			ROT 0.00 0.00 -0.47
			SCL 0.00 0.00 0.00

			POS 0.00 0.13 0.00
			ROT 0.19 0.00 0.00
			SCL 0.00 0.00 0.00

			POS 0.00 0.00 0.00
			ROT 0.00 0.00 0.00
			SCL 0.00 0.00 0.00

			POS 0.00 0.13 0.00
			ROT 0.13 0.00 0.00
			SCL 0.00 0.00 0.00

			POS 0.00 0.00 0.00
			ROT 0.00 0.00 0.00
			SCL 0.00 0.00 0.00
	SET_KEY_FRAME
		SET_SOUND
			ID    17
			FRAME 1
		END_SOUND

		FRAME 20
			POS 0.00 0.00 0.00
			ROT 0.00 0.00 0.00
			SCL 0.00 0.00 0.00

			POS 0.00 0.00 0.00
			ROT 0.00 0.00 0.00
			SCL 0.00 0.00 0.00

			POS 0.00 0.00 0.00
			ROT 0.00 -0.25 0.59
			SCL 0.00 0.00 0.00

			POS 0.00 0.00 0.00
			ROT 0.00 -0.53 0.00
			SCL 0.00 0.00 0.00

			POS 0.00 0.00 0.00
			ROT 0.00 0.25 -0.59
			SCL 0.00 0.00 0.00

			POS 0.00 0.00 0.00
			ROT 0.00 0.53 0.00
			SCL 0.00 0.00 0.00

			POS 0.00 0.50 0.00
			ROT 0.06 0.00 0.00
			SCL 0.00 0.00 0.00

			POS 0.00 0.00 0.00
			ROT -0.18 0.00 0.00
			SCL 0.00 0.00 0.00

			POS 0.00 0.50 0.00
			ROT 0.06 0.00 0.00
			SCL 0.00 0.00 0.00

			POS 0.00 0.00 0.00
			ROT -0.18 0.00 0.00
			SCL 0.00 0.00 0.00
		FRAME 0
			POS 0.00 0.00 0.00
			ROT 0.00 0.00 0.00
			SCL 0.00 0.00 0.00

			POS 0.00 0.00 0.00
			ROT 0.00 0.00 0.00
			SCL 0.00 0.00 0.00

			POS 0.00 0.00 0.00
			ROT 0.00 -1.09 -0.34
			SCL 0.00 0.00 0.00

			POS 0.00 0.00 0.00
			ROT 0.00 0.00 -0.37
			SCL 0.00 0.00 0.00

			POS 0.00 0.00 0.00
			ROT -1.09 0.03 -1.16
			SCL 0.00 0.00 0.00

			POS 0.00 0.00 0.00
			ROT 0.00 0.78 0.00
			SCL 0.00 0.00 0.00

			POS 0.00 0.00 0.00
			ROT 1.50 0.00 0.00
			SCL 0.00 0.00 0.00

			POS 0.00 0.00 0.00
			ROT -1.03 0.00 0.00
			SCL 0.00 0.00 0.00

			POS 0.00 0.00 0.00
			ROT -1.31 0.00 0.00
			SCL 0.00 0.00 0.00

			POS 0.00 0.00 0.00
			ROT -0.43 0.00 0.00
			SCL 0.00 0.00 0.00
	SET_KEY_FRAME
		SET_COLLISION
			PARTS 7
			POS 0.00 -0.33 0.00
			SCL 7.87
			START 34
			END 35
		END_COLLISION

		FRAME 4
			POS 0.00 0.00 0.00
			ROT 0.00 0.00 0.00
			SCL 0.00 0.00 0.00

			POS 0.00 0.00 0.00
			ROT 0.00 0.00 0.00
			SCL 0.00 0.00 0.00

			POS 0.00 0.00 0.00
			ROT 0.00 -1.09 -0.34
			SCL 0.00 0.00 0.00

			POS 0.00 0.00 0.00
			ROT 0.00 0.00 -0.37
			SCL 0.00 0.00 0.00

			POS 0.00 0.00 0.00
			ROT -1.09 0.03 -1.16
			SCL 0.00 0.00 0.00

			POS 0.00 0.00 0.00
			ROT 0.00 0.78 0.00
			SCL 0.00 0.00 0.00

			POS 0.00 0.00 0.00
			ROT 1.50 0.00 0.00
			SCL 0.00 0.00 0.00

			POS 0.00 0.00 0.00
			ROT -1.03 0.00 0.00
			SCL 0.00 0.00 0.00

			POS 0.00 0.00 0.00
			ROT -1.31 0.00 0.00
			SCL 0.00 0.00 0.00

			POS 0.00 0.00 0.00
			ROT -0.43 0.00 0.00
			SCL 0.00 0.00 0.00
		FRAME 20
			POS 0.00 0.00 0.00
			ROT 0.00 -0.83 0.00
			SCL 0.00 0.00 0.00

			POS 0.00 0.00 0.00
			ROT 0.00 0.50 0.18
			SCL 0.00 0.00 0.00

			POS 0.00 0.00 0.00
			ROT 0.00 -1.30 -0.34
			SCL 0.00 0.00 0.00

			POS 0.00 0.00 0.00
			ROT 0.00 0.00 -0.37
			SCL 0.00 0.00 0.00

			POS 0.00 0.00 0.00
			ROT -1.09 0.03 -1.16
			SCL 0.00 0.00 0.00

			POS 0.00 0.00 0.00
			ROT 0.00 0.78 0.00
			SCL 0.00 0.00 0.00

			POS 0.00 0.00 0.00
			ROT 1.72 0.61 0.00
			SCL 0.00 0.00 0.00

			POS 0.00 0.00 0.00
			ROT -1.40 0.00 0.00
			SCL 0.00 0.00 0.00

			POS 0.00 0.00 0.00
			ROT -1.31 -0.42 0.00
			SCL 0.00 0.00 0.00

			POS 0.00 0.00 0.00
			ROT -0.43 0.00 0.00
			SCL 0.00 0.00 0.00
		FRAME 1
			POS 0.00 0.00 0.00
			ROT -5.45 0.29 0.00
			SCL 0.00 0.00 0.00

			POS 0.00 0.00 0.00
			ROT -0.66 0.08 0.00
			SCL 0.00 0.00 0.00

			POS 0.00 0.00 0.00
			ROT 1.86 0.89 0.00
			SCL 0.00 0.00 0.00

			POS 0.00 0.00 0.00
			ROT 0.00 -0.16 1.06
			SCL 0.00 0.00 0.00

			POS 0.00 0.00 0.00
			ROT 0.00 0.99 0.00
			SCL 0.00 0.00 0.00

			POS 0.00 0.00 0.00
			ROT 0.00 0.91 0.00
			SCL 0.00 0.00 0.00

			POS 0.00 0.00 0.00
			ROT 0.99 0.00 0.00
			SCL 0.00 0.00 0.00

			POS 0.00 0.00 0.00
			ROT 0.09 0.00 0.00
			SCL 0.00 0.00 0.00

			POS 0.00 0.00 0.00
			ROT 0.77 0.00 0.00
			SCL 0.00 0.00 0.00

			POS 0.00 0.00 0.00
			ROT -1.88 0.00 0.00
			SCL 0.00 0.00 0.00
		FRAME 10
			POS 0.00 0.00 0.00
			ROT 0.76 0.29 0.00
			SCL 0.00 0.00 0.00

			POS 0.00 0.00 0.00
			ROT -0.66 0.08 0.00
			SCL 0.00 0.00 0.00

			POS 0.00 0.00 0.00
			ROT 1.86 0.89 0.00
			SCL 0.00 0.00 0.00

			POS 0.00 0.00 0.00
			ROT 0.00 -0.16 1.06
			SCL 0.00 0.00 0.00

			POS 0.00 0.00 0.00
			ROT 0.00 0.99 0.00
			SCL 0.00 0.00 0.00

			POS 0.00 0.00 0.00
			ROT 0.00 0.91 0.00
			SCL 0.00 0.00 0.00

			POS 0.00 0.00 0.00
			ROT 0.99 0.00 0.00
			SCL 0.07 0.07 0.07

			POS 0.00 0.00 0.00
			ROT 0.09 0.00 0.00
			SCL 0.07 0.07 0.07

			POS 0.00 0.00 0.00
			ROT 0.77 0.00 0.00
			SCL 0.00 0.00 0.00

			POS 0.00 0.00 0.00
			ROT -1.88 0.00 0.00
			SCL 0.00 0.00 0.00
		FRAME 0
			POS 0.00 0.00 0.00
			ROT 0.53 0.00 0.00
			SCL 0.00 0.00 0.00

			POS 0.00 0.00 0.00
			ROT -1.08 0.08 0.00
			SCL 0.00 0.00 0.00

			POS 0.00 0.00 0.00
			ROT 1.86 0.89 0.00
			SCL 0.00 0.00 0.00

			POS 0.00 0.00 0.00
			ROT 0.00 -0.16 1.06
			SCL 0.00 0.00 0.00

			POS 0.00 0.00 0.00
			ROT 0.67 0.62 -0.44
			SCL 0.00 0.00 0.00

			POS 0.00 0.00 0.00
			ROT 0.66 0.68 0.00
			SCL 0.00 0.00 0.00

			POS 0.00 -0.73 -1.62
			ROT 1.53 0.00 0.00
			SCL 1.98 1.98 1.98

			POS 0.00 -0.56 0.00
			ROT -0.93 0.00 0.00
			SCL 0.89 0.89 0.89

			POS 0.00 0.00 0.00
			ROT 0.77 -0.90 0.00
			SCL 0.00 0.00 0.00

			POS 0.00 0.00 0.00
			ROT -2.06 0.39 0.00
			SCL 0.00 0.00 0.00
END_MOTION
END_LOAD