LOAD_START

LOAD_SIZE
	120 120
END_SIZE

LOAD_FIELD
	0.00 0.00 0.00 0.00 0.00 0.00 0.00 0.00 0.00 0.00 0.00 0.00 0.00 0.00 0.00 0.00 0.00 0.00 0.00 0.00 0.00 0.00 0.00 0.00 0.00 0.00 0.00 0.00 0.00 0.00 0.00 0.00 0.00 0.00 0.00 0.00 0.00 0.00 0.00 0.00 0.00 0.00 0.00 0.00 0.00 0.00 0.00 0.00 0.00 0.00 0.00 0.00 0.00 0.00 0.00 0.00 0.00 0.00 0.00 0.00 0.00 0.00 0.00 0.00 0.00 0.00 0.00 0.00 0.00 0.00 0.00 0.00 0.00 0.00 0.00 0.00 0.00 0.00 0.00 0.00 0.00 0.00 0.00 0.00 0.00 0.00 0.00 0.00 0.00 0.00 0.00 0.00 0.00 0.00 0.00 0.00 0.00 0.00 0.00 0.00 0.00 0.00 0.00 0.00 0.00 0.00 0.00 0.00 0.00 0.00 0.00 0.00 0.00 0.00 0.00 0.00 0.00 0.00 0.00 0.00 0.00 
	0.00 0.00 0.00 0.00 0.00 0.00 0.00 0.00 0.00 0.00 0.00 0.00 0.00 0.00 0.00 0.55 0.96 1.10 1.23 1.51 1.78 1.78 1.92 2.19 2.33 3.84 3.29 3.15 3.29 3.15 2.88 3.29 3.29 3.29 3.01 3.01 1.78 1.92 1.78 2.05 5.21 5.75 5.62 5.48 7.81 9.32 9.32 6.30 6.03 5.89 6.30 4.25 2.74 2.60 3.43 3.97 4.38 4.93 5.48 5.48 5.34 5.07 4.66 4.66 3.70 3.01 2.60 2.47 1.64 1.23 0.55 0.55 0.41 0.69 0.69 2.05 2.05 2.05 2.19 2.05 1.78 2.05 0.69 0.69 0.69 0.41 0.41 0.41 0.00 0.00 0.00 0.00 0.00 0.00 0.00 0.00 0.00 0.00 0.00 0.00 0.00 0.00 0.00 0.00 0.00 0.00 0.26 0.51 0.51 0.51 0.51 0.51 0.51 0.51 0.51 0.51 0.51 0.51 0.51 0.26 0.00 
	0.00 0.77 0.77 1.02 1.02 1.02 1.02 1.02 1.02 1.02 1.07 1.07 1.07 1.07 0.30 0.85 1.15 1.42 1.69 2.10 4.43 5.26 5.67 6.49 6.76 8.41 7.86 7.86 8.13 8.27 8.82 9.23 8.68 8.96 8.82 8.54 7.17 6.90 5.80 5.94 9.78 9.23 8.41 8.82 11.56 12.93 14.30 9.78 9.09 8.54 8.41 7.04 5.53 4.16 7.86 8.82 9.37 9.78 9.37 9.37 9.37 6.76 6.22 6.08 5.39 4.85 4.71 4.30 3.06 2.79 2.52 2.24 1.83 1.83 1.83 3.06 2.79 2.38 2.65 2.52 2.24 2.93 1.56 1.42 1.42 1.28 1.42 1.42 0.46 0.46 0.46 0.46 0.19 0.05 0.05 0.05 0.32 0.74 0.74 0.74 0.74 0.74 0.74 1.23 2.61 2.61 2.86 3.12 3.12 3.12 3.12 3.07 3.07 3.07 3.07 3.07 2.30 0.51 0.51 0.26 0.00 
	0.00 1.28 3.07 3.33 3.33 3.33 3.33 3.33 3.33 3.33 3.38 3.38 3.38 3.38 2.10 0.85 1.15 1.42 1.69 2.65 5.26 6.76 7.31 8.27 8.68 10.60 10.19 10.19 10.33 10.33 10.19 10.19 8.96 9.09 8.96 8.96 7.72 8.13 7.86 8.41 12.65 12.38 11.42 11.56 13.75 16.35 17.72 13.89 14.44 14.30 14.44 13.89 10.60 8.82 11.56 11.56 12.38 13.48 12.24 11.97 12.65 9.91 9.23 8.82 8.13 8.96 9.23 8.82 8.13 8.82 9.37 8.13 6.35 5.94 5.26 6.35 4.98 3.48 3.89 4.16 4.57 5.39 3.89 3.75 3.89 3.75 4.02 3.34 2.24 1.97 1.69 1.28 1.01 0.32 0.32 0.32 1.01 1.69 1.83 1.69 1.56 1.56 1.56 1.64 3.26 3.12 3.38 3.63 3.63 3.63 3.63 3.58 3.58 3.58 3.58 3.58 2.82 0.51 0.51 0.26 0.00 
	0.00 1.54 3.58 4.10 4.10 4.10 4.10 4.10 4.10 4.10 4.14 4.14 4.14 4.14 2.61 1.11 1.15 1.42 1.69 2.79 5.67 7.45 8.41 9.50 10.05 12.11 11.56 11.28 11.28 11.01 10.74 10.87 9.78 9.91 10.19 10.33 9.78 10.60 10.46 10.74 14.85 14.16 13.07 12.65 14.44 16.76 18.00 14.16 15.81 15.53 15.94 17.59 16.35 14.71 17.86 17.45 18.68 19.50 16.63 14.57 15.26 12.52 11.28 11.70 11.28 12.52 12.65 12.24 11.15 11.70 11.42 10.87 8.96 9.23 9.64 11.42 10.19 8.27 7.59 7.04 6.90 6.63 4.43 4.16 4.30 4.16 4.85 4.16 2.93 2.65 2.38 1.97 1.97 1.42 1.15 1.15 1.97 2.65 3.20 2.79 2.10 2.10 2.10 2.05 5.45 5.16 5.92 6.44 6.44 6.44 6.44 4.61 4.61 4.61 4.61 4.61 3.84 1.54 1.28 0.51 0.00 
	0.00 1.79 3.84 4.86 4.86 4.86 4.86 4.86 4.86 4.86 4.91 4.91 4.91 4.91 3.12 1.62 1.15 1.42 2.52 3.89 6.76 8.54 9.64 10.87 11.56 12.79 12.11 11.97 11.97 11.97 11.83 12.11 11.01 11.01 12.38 12.65 11.83 12.52 12.24 12.52 16.63 14.85 13.61 13.48 15.67 18.54 20.05 16.08 18.27 19.23 20.05 21.28 19.64 19.50 23.34 22.24 22.11 22.38 19.64 18.13 17.45 14.30 13.20 14.16 14.44 17.72 17.45 16.63 15.26 16.08 15.26 13.89 10.05 10.19 11.15 13.34 12.38 10.87 10.60 9.78 9.64 8.82 6.22 6.22 8.00 8.27 9.37 9.64 9.91 10.60 9.37 7.17 6.49 5.53 4.43 3.06 3.34 4.16 4.71 4.71 4.02 3.89 4.30 4.38 7.92 7.35 7.57 8.60 9.42 8.87 8.32 6.08 6.08 6.08 6.08 5.12 4.35 2.05 1.79 1.02 0.00 
	0.00 2.05 4.10 5.12 5.12 5.12 5.12 5.12 5.12 5.12 5.17 5.17 5.17 5.17 3.12 1.62 1.15 1.42 2.93 4.30 7.17 8.96 10.19 12.52 13.34 14.30 13.61 13.48 13.48 13.48 13.34 13.48 12.24 12.52 13.07 16.49 15.67 16.35 16.08 16.35 20.05 18.00 13.61 13.48 15.67 18.68 20.74 16.76 18.96 19.91 20.74 21.97 20.74 20.05 23.89 22.79 22.65 22.93 20.19 18.27 17.59 14.44 13.34 14.30 14.71 18.13 17.86 17.31 16.49 17.45 16.63 15.12 11.15 11.28 12.38 14.02 13.61 12.11 11.83 11.28 11.70 11.01 9.23 9.50 12.38 12.79 13.61 13.34 13.89 14.02 12.38 9.78 9.64 9.23 9.23 8.13 8.96 9.78 10.60 10.87 11.42 10.74 10.05 11.23 14.35 12.83 12.91 12.93 13.20 12.65 10.19 7.81 7.81 6.99 6.99 5.89 5.12 2.82 2.56 1.79 0.00 
	0.00 2.05 4.35 5.63 5.63 5.63 5.63 5.63 5.77 6.32 6.64 9.52 12.26 12.39 10.48 8.73 7.59 7.59 8.82 7.45 10.19 11.97 13.07 15.39 16.22 14.57 13.89 13.75 13.61 13.61 13.34 13.48 12.24 12.65 13.20 16.63 15.81 16.49 16.22 16.49 20.05 18.00 13.61 13.48 15.67 18.68 20.74 16.76 18.96 19.91 20.74 21.97 20.74 20.46 24.30 23.20 23.07 23.34 20.60 18.68 17.72 14.57 13.48 14.44 14.85 18.54 18.27 17.59 16.90 18.27 18.13 17.31 13.48 14.16 15.67 17.59 17.04 15.12 14.16 13.20 13.07 12.79 11.42 11.56 14.16 14.57 15.39 15.12 15.39 14.85 13.34 12.24 13.48 14.16 14.30 12.65 13.89 14.57 14.02 13.07 13.61 12.79 12.38 13.70 16.82 15.16 15.24 14.16 14.43 13.75 10.60 8.08 8.08 7.12 7.12 6.03 5.12 2.82 2.56 1.79 0.00 
	0.00 2.56 5.12 6.91 6.91 6.91 6.91 6.91 8.28 9.24 9.70 13.81 16.82 17.51 15.09 11.84 10.33 10.60 10.60 8.96 11.28 13.07 14.16 15.94 16.35 14.71 14.02 13.75 13.61 13.61 13.34 13.20 11.97 12.24 12.79 16.08 14.98 15.53 15.12 14.85 15.26 12.65 8.00 8.00 7.86 9.37 11.42 10.46 12.93 14.02 14.44 17.72 18.00 18.13 21.28 19.78 19.23 18.96 15.81 13.89 12.79 9.91 9.09 10.05 11.42 15.67 16.08 15.67 15.81 18.41 19.09 18.54 15.26 15.53 16.90 17.31 15.94 13.89 12.79 12.11 12.65 12.93 12.93 13.20 15.81 16.22 16.49 15.67 15.81 15.67 14.30 13.61 15.26 16.08 16.22 14.85 16.08 16.49 15.67 14.30 15.26 14.71 14.16 15.48 19.42 17.76 17.98 16.35 16.49 15.53 11.97 8.63 8.49 7.40 7.40 6.16 5.12 2.82 2.56 1.79 0.00 
	0.00 2.82 5.63 7.42 7.42 7.42 7.42 7.42 8.79 9.75 10.21 14.32 17.33 18.16 16.17 13.76 12.24 12.52 12.52 10.87 13.07 14.16 14.16 15.94 16.35 14.71 14.02 13.48 13.07 12.93 12.24 11.01 9.50 9.23 9.09 12.52 11.42 12.38 12.93 12.79 12.24 10.19 5.26 4.71 4.16 5.80 6.49 7.04 9.91 11.42 12.38 14.98 15.26 16.63 16.90 14.98 14.44 14.57 12.38 10.60 9.50 9.23 8.68 9.64 10.46 14.57 14.71 14.98 15.67 18.00 18.27 18.00 14.98 15.53 16.35 16.49 15.39 13.75 12.52 11.83 12.24 12.11 12.11 12.52 15.26 15.53 17.18 16.76 17.86 17.86 16.63 16.49 18.54 18.13 18.54 17.18 18.82 19.91 19.91 18.41 19.78 19.37 18.96 20.27 23.40 20.50 20.99 19.20 18.52 17.15 13.04 9.70 9.29 7.92 7.78 6.55 5.38 3.07 2.82 2.05 0.00 
	0.00 2.82 5.89 8.19 8.19 8.19 8.19 8.19 9.56 10.52 10.98 15.09 18.10 18.93 16.93 14.27 12.24 12.52 12.52 10.87 13.07 14.02 13.89 15.53 15.81 14.02 13.20 12.65 12.38 12.38 11.83 10.74 9.37 9.23 9.09 12.24 10.87 11.15 10.87 10.33 9.37 7.04 2.24 1.97 1.97 2.38 3.06 2.93 4.57 5.67 6.35 8.13 10.19 11.97 13.20 12.24 11.42 10.87 9.50 8.00 6.22 6.08 6.08 7.45 8.41 11.56 11.70 11.97 12.11 13.07 12.38 12.93 10.87 11.42 13.20 13.48 13.48 12.93 11.56 10.46 10.19 9.64 9.78 10.46 13.34 13.89 15.39 15.81 17.04 17.31 16.22 16.63 18.54 18.96 19.23 18.00 19.78 20.60 20.74 20.05 21.56 21.83 21.28 24.11 27.37 24.89 24.83 23.16 21.79 20.70 14.94 11.61 10.24 8.59 8.32 7.09 5.63 3.33 3.07 2.30 0.00 
	0.00 4.35 7.94 10.75 10.75 10.75 10.75 10.75 12.12 13.08 13.54 17.65 20.66 21.49 17.96 14.78 12.24 12.52 12.52 10.74 12.65 13.48 13.07 14.57 14.85 12.93 12.24 11.97 11.83 12.11 11.70 10.46 8.82 8.54 8.00 10.87 8.82 8.68 8.27 8.00 7.17 5.26 0.60 0.87 1.28 1.97 2.79 2.65 3.20 4.43 4.85 4.43 4.43 6.08 6.90 6.35 5.12 4.85 5.12 5.39 3.61 3.48 4.02 4.98 6.22 8.96 9.23 9.50 10.05 11.15 10.87 10.19 8.27 8.13 8.82 8.54 8.41 8.27 8.00 7.72 8.00 8.82 9.78 10.60 13.48 14.30 15.81 16.22 17.45 17.72 17.18 18.27 19.78 19.64 20.33 19.37 20.74 21.01 20.87 21.15 25.12 25.67 24.85 27.81 29.29 27.22 26.61 23.16 21.52 20.83 15.08 13.52 11.33 9.41 9.00 7.63 5.63 3.33 3.07 2.30 0.00 
	0.00 4.35 11.26 14.34 14.34 14.34 14.34 14.34 15.71 16.67 17.12 21.23 24.24 25.07 21.54 14.49 11.28 11.42 10.46 8.13 9.78 10.60 10.05 11.28 11.42 8.82 8.82 8.54 8.27 8.41 8.13 6.63 4.98 4.85 3.34 6.08 5.80 5.80 5.80 5.80 4.98 4.16 0.05 0.05 0.05 0.19 0.74 0.74 0.74 0.74 0.74 0.74 1.15 1.28 1.42 1.56 1.69 1.97 2.10 1.83 1.42 1.69 2.10 2.52 3.06 3.75 4.43 5.12 5.94 6.76 7.04 7.17 7.17 7.17 7.31 6.63 6.35 6.08 5.53 5.80 6.49 7.86 9.23 9.64 10.60 11.01 11.97 11.15 10.87 11.83 12.52 15.39 17.72 18.13 19.50 20.19 20.46 20.87 21.42 21.42 26.08 26.90 25.53 28.49 29.42 27.49 29.21 26.00 23.95 23.67 18.33 17.05 14.31 10.20 9.10 8.14 6.14 3.84 3.58 2.82 0.00 
	0.00 6.40 13.31 16.64 16.64 16.64 16.64 16.64 18.01 18.97 19.43 23.54 26.55 27.38 21.80 14.75 11.15 11.15 9.64 7.17 6.76 6.76 5.94 6.63 6.49 4.02 4.02 3.89 3.75 3.75 3.06 2.79 2.10 1.83 0.60 0.32 0.19 0.19 0.19 0.19 0.05 0.05 0.05 0.05 0.05 0.05 0.05 0.05 0.05 0.05 0.05 0.05 0.05 0.74 0.87 1.01 1.15 1.42 1.56 1.69 1.28 1.56 1.97 2.38 2.79 3.34 4.02 4.43 4.71 5.39 5.67 5.94 6.08 6.08 6.08 5.94 5.12 4.85 4.30 4.30 4.43 5.67 6.22 6.35 6.22 6.49 7.72 7.59 7.45 9.23 10.60 14.16 15.94 15.81 15.94 16.35 16.35 17.18 17.45 17.18 20.60 21.97 21.56 23.01 23.67 22.83 24.83 24.22 22.71 22.17 18.60 17.46 14.31 10.88 8.97 8.14 6.14 3.84 3.58 2.82 0.00 
	0.00 6.66 13.57 18.18 18.18 18.18 18.18 18.18 19.41 19.82 20.00 21.23 21.51 22.19 16.23 9.18 4.71 4.98 3.75 3.48 2.93 2.38 1.69 2.38 2.24 2.24 2.24 2.10 2.10 2.10 2.10 2.10 1.97 1.56 0.32 0.05 0.05 0.05 0.05 0.05 0.05 0.05 0.05 0.05 0.05 0.05 0.05 0.05 0.05 0.05 0.05 0.05 0.05 0.32 0.46 0.60 0.74 1.01 1.15 1.28 1.15 1.42 1.83 2.24 2.65 2.93 3.61 4.16 4.30 4.57 4.16 3.75 3.75 3.20 2.79 2.38 1.69 1.83 1.97 2.38 3.06 3.89 4.02 4.30 4.43 4.71 5.94 5.80 5.94 8.41 9.78 11.83 12.24 11.01 11.01 11.97 11.56 13.61 15.26 16.22 19.64 21.15 20.46 21.92 22.03 22.40 24.68 25.32 23.81 23.40 20.39 18.69 14.72 11.16 8.83 8.01 6.14 3.84 3.33 2.56 0.00 
	0.00 5.89 13.06 17.41 17.41 17.41 17.41 17.41 17.41 17.41 17.46 17.46 17.46 17.60 12.39 6.32 1.97 1.97 1.97 1.97 1.83 1.15 0.32 1.56 1.69 1.69 1.69 1.69 1.69 1.69 1.69 1.69 1.69 1.42 0.19 0.05 0.05 0.05 0.05 0.05 0.05 0.05 0.05 0.05 0.05 0.05 0.05 0.05 0.05 0.05 0.05 0.05 0.05 0.05 0.05 0.05 0.19 0.46 0.46 0.60 0.74 1.01 1.56 1.97 2.38 2.79 3.20 3.61 3.75 3.20 2.65 1.97 1.56 1.15 0.87 0.60 0.74 1.01 1.15 1.42 1.69 1.69 1.83 1.97 2.10 2.65 4.43 4.85 5.53 7.59 8.82 10.46 10.46 9.09 9.09 9.78 9.37 11.70 13.61 14.98 18.00 19.23 18.68 19.37 16.86 17.51 20.47 21.94 20.57 20.43 17.83 16.95 12.84 8.60 5.99 5.31 4.35 3.84 3.33 2.56 0.00 
	0.00 5.63 11.26 15.62 15.62 15.62 15.62 15.62 15.62 15.62 15.66 15.66 15.66 15.66 10.03 4.40 0.05 0.05 0.05 0.05 0.05 0.05 0.19 1.28 1.28 1.28 1.28 1.28 1.28 1.28 1.28 1.28 1.28 1.15 0.05 0.05 0.05 0.05 0.05 0.05 0.05 0.05 0.05 0.05 0.05 0.05 0.05 0.05 0.05 0.05 0.05 0.05 0.05 0.05 0.05 0.05 0.05 0.05 0.05 0.05 0.05 0.05 0.46 1.01 1.69 2.10 2.52 2.52 2.52 2.10 1.56 0.87 0.46 0.05 0.32 0.46 0.60 0.87 1.01 1.28 1.69 1.69 1.83 1.97 1.97 2.52 2.79 2.79 3.06 4.98 6.08 7.17 7.04 7.04 6.76 7.45 6.35 7.59 8.68 10.19 12.79 13.89 13.20 14.16 12.38 18.33 21.29 23.44 22.89 23.17 21.11 20.24 12.84 8.60 5.86 5.17 4.35 4.35 3.33 2.56 0.00 
	0.00 5.38 10.75 14.85 14.85 14.85 14.85 14.85 14.85 14.85 14.90 14.90 14.90 14.90 9.52 4.14 0.05 0.05 0.05 0.05 0.05 0.05 0.05 0.05 0.05 0.05 0.05 0.05 0.05 0.05 0.05 0.05 0.05 0.05 0.05 0.05 0.05 0.05 0.05 0.05 0.05 0.05 0.05 0.05 0.05 0.05 0.05 0.05 0.05 0.05 0.05 0.05 0.05 0.05 0.05 0.05 0.05 0.05 0.05 0.05 0.05 0.05 0.05 0.46 1.01 1.01 1.01 1.01 1.01 1.01 0.60 0.05 0.05 0.05 0.05 0.19 0.32 0.60 0.74 1.01 1.42 1.69 1.83 1.69 1.42 1.69 1.97 1.83 2.10 4.02 5.26 6.22 6.22 5.94 5.80 6.35 4.71 5.94 6.76 7.59 10.19 10.60 10.05 9.91 9.80 17.15 20.42 22.45 22.58 22.58 22.17 21.30 12.94 8.70 6.09 5.41 4.86 3.33 2.56 2.30 0.00 
	0.00 5.38 11.01 14.59 14.59 14.59 14.59 14.59 14.59 14.59 14.64 14.64 14.64 14.64 9.26 3.63 0.05 0.05 0.05 0.05 0.05 0.05 0.05 0.05 0.05 0.05 0.05 0.05 0.05 0.05 0.05 0.05 0.05 0.05 0.05 0.05 0.05 0.05 0.05 0.05 0.05 0.05 0.05 0.05 0.05 0.05 0.05 0.05 0.05 0.05 0.05 0.05 0.05 0.05 0.05 0.05 0.05 0.05 0.05 0.05 0.05 0.05 0.05 0.05 0.05 0.05 0.05 0.05 0.05 0.05 0.05 0.05 0.05 0.05 0.05 0.05 0.19 0.46 0.60 0.87 1.28 1.28 1.28 1.15 0.87 0.87 0.74 0.60 1.01 2.93 3.61 3.89 4.02 4.16 3.89 4.16 2.79 4.57 5.26 5.39 6.08 6.22 5.94 5.80 5.83 13.58 18.23 21.52 21.94 21.52 21.11 20.10 12.16 7.36 4.90 4.35 4.35 2.82 2.05 1.79 0.00 
	0.00 5.12 11.01 14.59 14.59 14.59 14.59 14.59 14.59 14.59 14.64 14.64 14.64 14.64 9.52 3.63 0.05 0.05 0.05 0.05 0.05 0.05 0.05 0.05 0.05 0.05 0.05 0.05 0.05 0.05 0.05 0.05 0.05 0.05 0.05 0.05 0.05 0.05 0.05 0.05 0.05 0.05 0.05 0.05 0.05 0.05 0.05 0.05 0.05 0.05 0.05 0.05 0.05 0.05 0.05 0.05 0.05 0.05 0.05 0.05 0.05 0.05 0.05 0.05 0.05 0.05 0.05 0.05 0.05 0.05 0.05 0.05 0.05 0.05 0.05 0.05 0.05 0.05 0.05 0.05 0.05 0.05 0.05 0.05 0.05 0.05 0.05 0.19 0.60 0.87 1.28 1.56 1.56 1.56 1.42 1.42 1.69 3.20 3.20 3.20 3.20 3.20 3.06 2.79 3.50 13.58 16.72 19.93 19.93 19.66 19.38 18.24 8.65 5.77 3.58 3.58 3.58 2.05 1.28 1.02 0.00 
	0.00 5.38 11.01 14.34 14.34 14.34 14.34 14.34 14.34 14.34 14.38 14.38 14.38 14.38 9.01 3.38 0.05 0.05 0.05 0.05 0.05 0.05 0.05 0.05 0.05 0.05 0.05 0.05 0.05 0.05 0.05 0.05 0.05 0.05 0.05 0.05 0.05 0.05 0.05 0.05 0.05 0.05 0.05 0.05 0.05 0.05 0.05 0.05 0.05 0.05 0.05 0.05 0.05 0.05 0.05 0.05 0.05 0.05 0.05 0.05 0.05 0.05 0.05 0.05 0.05 0.05 0.05 0.05 0.05 0.05 0.05 0.05 0.05 0.05 0.05 0.05 0.05 0.05 0.05 0.05 0.05 0.05 0.05 0.05 0.05 0.05 0.05 0.05 0.05 0.05 0.19 0.19 0.19 0.19 0.19 0.19 0.19 1.28 1.28 1.28 1.28 1.28 1.28 1.42 2.81 13.31 16.31 19.38 19.93 19.93 19.80 18.65 8.92 6.18 4.13 3.58 3.58 2.05 1.28 1.02 0.00 
	0.00 4.86 10.50 13.31 13.31 13.31 13.31 13.31 13.31 13.31 13.36 13.36 13.36 13.36 8.50 2.86 0.05 0.05 0.05 0.05 0.05 0.05 0.05 0.05 0.05 0.05 0.05 0.05 0.05 0.05 0.05 0.05 0.05 0.05 0.05 0.05 0.05 0.05 0.05 0.05 0.05 0.05 0.05 0.05 0.05 0.05 0.05 0.05 0.05 0.05 0.05 0.05 0.05 0.05 0.05 0.05 0.05 0.05 0.05 0.05 0.05 0.05 0.05 0.05 0.05 0.05 0.05 0.05 0.05 0.05 0.05 0.05 0.05 0.05 0.05 0.05 0.05 0.05 0.05 0.05 0.05 0.05 0.05 0.05 0.05 0.05 0.05 0.05 0.05 0.05 0.05 0.05 0.05 0.05 0.05 0.05 0.05 0.05 0.05 0.05 0.05 0.05 0.05 0.05 1.99 12.08 15.08 18.27 18.82 19.37 19.37 18.91 9.59 6.85 4.94 4.39 3.84 2.30 1.54 1.28 0.00 
	0.00 5.89 11.78 14.59 14.59 14.59 14.59 14.59 14.59 14.59 14.64 14.64 14.64 14.64 8.75 2.86 0.05 0.05 0.05 0.05 0.05 0.05 0.05 0.05 0.05 0.05 0.05 0.05 0.05 0.05 0.05 0.05 0.05 0.05 0.05 0.05 0.05 0.05 0.05 0.05 0.05 0.05 0.05 0.05 0.05 0.05 0.05 0.05 0.05 0.05 0.05 0.05 0.05 0.05 0.05 0.05 0.05 0.05 0.05 0.05 0.05 0.05 0.05 0.05 0.05 0.05 0.05 0.05 0.05 0.05 0.05 0.05 0.05 0.05 0.05 0.05 0.05 0.05 0.05 0.05 0.05 0.05 0.05 0.05 0.05 0.05 0.05 0.05 0.05 0.05 0.05 0.05 0.05 0.05 0.05 0.05 0.05 0.05 0.05 0.05 0.05 0.05 0.05 0.05 1.99 11.80 17.26 21.34 22.03 22.58 22.58 22.12 13.08 9.92 8.14 7.46 6.91 5.38 4.61 2.30 0.00 
	0.00 5.89 14.29 16.59 16.59 16.59 16.59 16.59 16.59 15.36 15.41 15.41 15.41 15.41 9.52 2.35 0.05 0.05 0.05 0.05 0.05 0.05 0.05 0.05 0.05 0.05 0.05 0.05 0.05 0.05 0.05 0.05 0.05 0.05 0.05 0.05 0.05 0.05 0.05 0.05 0.05 0.05 0.05 0.05 0.05 0.05 0.05 0.05 0.05 0.05 0.05 0.05 0.05 0.05 0.05 0.05 0.05 0.05 0.05 0.05 0.05 0.05 0.05 0.05 0.05 0.05 0.05 0.05 0.05 0.05 0.05 0.05 0.05 0.05 0.05 0.05 0.05 0.05 0.05 0.05 0.05 0.05 0.05 0.05 0.05 0.05 0.05 0.05 0.05 0.05 0.05 0.05 0.05 0.05 0.05 0.05 0.05 0.05 0.05 0.05 0.05 0.05 0.05 0.05 1.99 8.24 14.94 18.48 19.17 19.71 19.71 19.26 13.78 9.40 7.89 7.21 6.66 5.12 4.35 2.05 0.00 
	0.00 5.77 14.07 15.86 15.86 15.86 15.86 15.86 15.72 14.08 14.13 14.13 14.13 14.13 8.50 1.84 0.05 0.05 0.05 0.05 0.05 0.05 0.05 0.05 0.05 0.05 0.05 0.05 0.05 0.05 0.05 0.05 0.05 0.05 0.05 0.05 0.05 0.05 0.05 0.05 0.05 0.05 0.05 0.05 0.05 0.05 0.05 0.05 0.05 0.05 0.05 0.05 0.05 0.05 0.05 0.05 0.05 0.05 0.05 0.05 0.05 0.05 0.05 0.05 0.05 0.05 0.05 0.05 0.05 0.05 0.05 0.05 0.05 0.05 0.05 0.05 0.05 0.05 0.05 0.05 0.05 0.05 0.05 0.05 0.05 0.05 0.05 0.05 0.05 0.05 0.05 0.05 0.05 0.05 0.05 0.05 0.05 0.05 0.05 0.05 0.05 0.05 0.05 0.05 1.99 6.32 12.74 17.11 17.93 18.48 18.48 18.03 14.47 10.36 8.03 7.21 6.66 5.12 4.35 2.05 0.00 
	0.00 6.28 11.66 13.20 13.20 13.20 13.20 13.20 13.07 11.01 11.06 11.06 11.06 11.06 4.91 1.58 0.05 0.05 0.05 0.05 0.05 0.05 0.05 0.05 0.05 0.05 0.05 0.05 0.05 0.05 0.05 0.05 0.05 0.05 0.05 0.05 0.05 0.05 0.05 0.05 0.05 0.05 0.05 0.05 0.05 0.05 0.05 0.05 0.05 0.05 0.05 0.05 0.05 0.05 0.05 0.05 0.05 0.05 0.05 0.05 0.05 0.05 0.05 0.05 0.05 0.05 0.05 0.05 0.05 0.05 0.05 0.05 0.05 0.05 0.05 0.05 0.05 0.05 0.05 0.05 0.05 0.05 0.05 0.05 0.05 0.05 0.05 0.05 0.05 0.05 0.05 0.05 0.05 0.05 0.05 0.05 0.05 0.05 0.05 0.05 0.05 0.05 0.05 0.05 1.85 5.78 11.37 16.33 17.42 17.97 17.97 17.65 14.50 11.21 7.78 6.69 6.14 4.61 3.84 1.54 0.00 
	0.00 5.27 11.62 12.90 12.90 12.90 12.90 12.90 12.48 9.47 9.52 9.52 9.52 9.52 4.66 1.33 0.05 0.05 0.05 0.05 0.05 0.05 0.05 0.05 0.05 0.05 0.05 0.05 0.05 0.05 0.05 0.05 0.05 0.05 0.05 0.05 0.05 0.05 0.05 0.05 0.05 0.05 0.05 0.05 0.05 0.05 0.05 0.05 0.05 0.05 0.05 0.05 0.05 0.05 0.05 0.05 0.05 0.05 0.05 0.05 0.05 0.05 0.05 0.05 0.05 0.05 0.05 0.05 0.05 0.05 0.05 0.05 0.05 0.05 0.05 0.05 0.05 0.05 0.05 0.05 0.05 0.05 0.05 0.05 0.05 0.05 0.05 0.05 0.05 0.05 0.05 0.05 0.05 0.05 0.05 0.05 0.05 0.05 0.05 0.05 0.05 0.05 0.05 0.05 1.58 3.31 8.63 16.29 17.66 18.21 18.21 18.17 17.21 14.20 8.58 7.21 6.66 5.12 4.35 2.05 0.00 
	0.00 6.96 14.59 14.59 14.59 14.59 14.59 14.59 13.76 10.75 10.80 10.80 10.80 10.80 4.66 0.05 0.05 0.05 0.05 0.05 0.05 0.05 0.05 0.05 0.05 0.05 0.05 0.05 0.05 0.05 0.05 0.05 0.05 0.05 0.05 0.05 0.05 0.05 0.05 0.05 0.05 0.05 0.05 0.05 0.05 0.05 0.05 0.05 0.05 0.05 0.05 0.05 0.05 0.05 0.05 0.05 0.05 0.05 0.05 0.05 0.05 0.05 0.05 0.05 0.05 0.05 0.05 0.05 0.05 0.05 0.05 0.05 0.05 0.05 0.05 0.05 0.05 0.05 0.05 0.05 0.05 0.05 0.05 0.05 0.05 0.05 0.05 0.05 0.05 0.05 0.05 0.05 0.05 0.05 0.05 0.05 0.05 0.05 0.05 0.05 0.05 0.05 0.05 0.05 1.58 2.51 7.57 14.55 16.74 17.42 17.42 17.37 16.96 13.95 9.02 6.83 6.14 4.61 4.10 2.05 0.00 
	0.00 7.37 15.00 15.26 15.26 15.26 15.26 15.26 14.02 11.01 11.06 11.06 11.06 11.06 4.91 0.30 0.05 0.05 0.05 0.05 0.05 0.05 0.05 0.05 0.05 0.05 0.05 0.05 0.05 0.05 0.05 0.05 0.05 0.05 0.05 0.05 0.05 0.05 0.05 0.05 0.05 0.05 0.05 0.05 0.05 0.05 0.05 0.05 0.05 0.05 0.05 0.05 0.05 0.05 0.05 0.05 0.05 0.05 0.05 0.05 0.05 0.05 0.05 0.05 0.05 0.05 0.05 0.05 0.05 0.05 0.05 0.05 0.05 0.05 0.05 0.05 0.05 0.05 0.05 0.05 0.05 0.05 0.05 0.05 0.05 0.05 0.05 0.05 0.05 0.05 0.05 0.05 0.05 0.05 0.05 0.05 0.05 0.05 0.05 0.05 0.05 0.05 0.05 0.05 1.58 2.10 6.88 14.10 17.11 18.21 18.21 18.17 18.17 15.43 10.77 7.76 6.66 5.12 4.61 2.56 0.00 
	0.00 8.28 15.90 17.26 17.40 17.40 17.40 17.40 16.03 13.01 11.96 11.82 11.82 11.82 4.91 0.30 0.05 0.05 0.05 0.05 0.05 0.05 0.05 0.05 0.05 0.05 0.05 0.05 0.05 0.05 0.05 0.05 0.05 0.05 0.05 0.05 0.05 0.05 0.05 0.05 0.05 0.05 0.05 0.05 0.05 0.05 0.05 0.05 0.05 0.05 0.05 0.05 0.05 0.05 0.05 0.05 0.05 0.05 0.05 0.05 0.05 0.05 0.05 0.05 0.05 0.05 0.05 0.05 0.05 0.05 0.05 0.05 0.05 0.05 0.05 0.05 0.05 0.05 0.05 0.05 0.05 0.05 0.05 0.05 0.05 0.05 0.05 0.05 0.05 0.05 0.05 0.05 0.05 0.05 0.05 0.05 0.05 0.05 0.05 0.05 0.05 0.05 0.05 0.05 1.58 1.58 5.14 12.48 15.36 18.23 18.23 18.18 18.18 16.68 12.15 9.28 6.40 4.86 4.86 2.82 0.00 
	0.00 8.54 15.32 17.59 17.73 17.73 17.73 17.73 15.40 12.94 11.34 11.21 11.21 11.21 4.04 0.13 -0.09 0.05 0.05 0.05 0.05 0.05 0.05 0.05 0.05 0.05 0.05 0.05 0.05 0.05 0.05 0.05 0.05 0.05 0.05 0.05 0.05 0.05 0.05 0.05 0.05 0.05 0.05 0.05 0.05 0.05 0.05 0.05 0.05 0.05 0.05 0.05 0.05 0.05 0.05 0.05 0.05 0.05 0.05 0.05 0.05 0.05 0.05 0.05 0.05 0.05 0.05 0.05 0.05 0.05 0.05 0.05 0.05 0.05 0.05 0.05 0.05 0.05 0.05 0.05 0.05 0.05 0.05 0.05 0.05 0.05 0.05 0.05 0.05 0.05 0.05 0.05 0.05 0.05 0.05 0.05 0.05 0.05 0.05 0.05 0.05 0.05 0.05 0.05 0.05 0.05 2.61 9.94 12.82 16.38 16.65 16.61 16.61 16.61 12.09 9.22 5.65 5.38 5.38 2.82 0.00 
	0.00 8.28 15.21 18.75 18.89 18.89 18.89 18.89 16.56 13.41 11.81 11.68 11.68 11.68 4.77 0.87 -0.09 0.05 0.05 0.05 0.05 0.05 0.05 0.05 0.05 0.05 0.05 0.05 0.05 0.05 0.05 0.05 0.05 0.05 0.05 0.05 0.05 0.05 0.05 0.05 0.05 0.05 0.05 0.05 0.05 0.05 0.05 0.05 0.05 0.05 0.05 0.05 0.05 0.05 0.05 0.05 0.05 0.05 0.05 0.05 0.05 0.05 0.05 0.05 0.05 0.05 0.05 0.05 0.05 0.05 0.05 0.05 0.05 0.05 0.05 0.05 0.05 0.05 0.05 0.05 0.05 0.05 0.05 0.05 0.05 0.05 0.05 0.05 0.05 0.05 0.05 0.05 0.05 0.05 0.05 0.05 0.05 0.05 0.05 0.05 0.05 0.05 0.05 0.05 0.05 0.05 2.61 10.15 12.89 16.45 17.96 17.91 17.91 17.91 14.21 11.47 7.91 6.40 6.40 3.84 0.00 
	0.00 8.83 17.13 20.69 20.83 20.83 20.83 20.83 17.95 15.21 13.60 13.47 13.47 13.47 6.56 0.87 -0.09 0.05 0.05 0.05 0.05 0.05 0.05 0.05 0.05 0.05 0.05 0.05 0.05 0.05 0.05 0.05 0.05 0.05 0.05 0.05 0.05 0.05 0.05 0.05 0.05 0.05 0.05 0.05 0.05 0.05 0.05 0.05 0.05 0.05 0.05 0.05 0.05 0.05 0.05 0.05 0.05 0.05 0.05 0.05 0.05 0.05 0.05 0.05 0.05 0.05 0.05 0.05 0.05 0.05 0.05 0.05 0.05 0.05 0.05 0.05 0.05 0.05 0.05 0.05 0.05 0.05 0.05 0.05 0.05 0.05 0.05 0.05 0.05 0.05 0.05 0.05 0.05 0.05 0.05 0.05 0.05 0.05 0.05 0.05 0.05 0.05 0.05 0.05 0.05 0.30 4.14 11.35 13.82 17.38 19.85 19.80 19.80 19.80 17.19 14.73 11.17 8.70 8.45 4.61 0.00 
	0.00 9.46 17.45 21.01 22.17 22.17 22.17 22.17 19.43 17.51 15.92 15.78 15.78 15.78 8.10 1.89 0.93 0.05 0.05 0.05 0.05 0.05 0.05 0.05 0.05 0.05 0.05 0.05 0.05 0.05 0.05 0.05 0.05 0.05 0.05 0.05 0.05 0.05 0.05 0.05 0.05 0.05 0.05 0.05 0.05 0.05 0.05 0.05 0.05 0.05 0.05 0.05 0.05 0.05 0.05 0.05 0.05 0.05 0.05 0.05 0.05 0.05 0.05 0.05 0.05 0.05 0.05 0.05 0.05 0.05 0.05 0.05 0.05 0.05 0.05 0.05 0.05 0.05 0.05 0.05 0.05 0.05 0.05 0.05 0.05 0.05 0.05 0.05 0.05 0.05 0.05 0.05 0.05 0.05 0.05 0.05 0.05 0.05 0.05 0.05 0.05 0.05 0.05 0.05 0.05 0.30 4.66 9.52 11.71 15.27 18.01 18.79 18.79 18.79 18.79 16.59 13.03 10.29 9.22 4.86 0.00 
	0.00 9.45 17.69 21.25 22.66 22.66 22.66 22.66 20.20 18.28 16.27 16.14 16.14 16.14 8.20 1.74 0.78 0.05 0.05 0.05 0.05 0.05 0.05 0.05 0.05 0.05 0.05 0.05 0.05 0.05 0.05 0.05 0.05 0.05 0.05 0.05 0.05 0.05 0.05 0.05 0.05 0.05 0.05 0.05 0.05 0.05 0.05 0.05 0.05 0.05 0.05 0.05 0.05 0.05 0.05 0.05 0.05 0.05 0.05 0.05 0.05 0.05 0.05 0.05 0.05 0.05 0.05 0.05 0.05 0.05 0.05 0.05 0.05 0.05 0.05 0.05 0.05 0.05 0.05 0.05 0.05 0.05 0.05 0.05 0.05 0.05 0.05 0.05 0.05 0.05 0.05 0.05 0.05 0.05 0.05 0.05 0.05 0.05 0.05 0.05 0.05 0.05 0.05 0.05 0.05 1.07 5.68 10.29 11.11 14.54 17.28 19.28 19.28 19.28 19.28 18.46 15.04 12.30 9.22 4.61 0.00 
	0.00 8.27 17.54 21.08 22.76 22.76 22.76 22.76 20.71 18.79 16.37 16.24 16.24 16.24 9.07 1.57 0.62 0.05 0.05 0.05 0.05 0.05 0.05 0.05 0.05 0.05 0.05 0.05 0.05 0.05 0.05 0.05 0.05 0.05 0.05 0.05 0.05 0.05 0.05 0.05 0.05 0.05 0.05 0.05 0.05 0.05 0.05 0.05 0.05 0.05 0.05 0.05 0.05 0.05 0.05 0.05 0.05 0.05 0.05 0.05 0.05 0.05 0.05 0.05 0.05 0.05 0.05 0.05 0.05 0.05 0.05 0.05 0.05 0.05 0.05 0.05 0.05 0.05 0.05 0.05 0.05 0.05 0.05 0.05 0.05 0.05 0.05 0.05 0.05 0.05 0.05 0.05 0.05 0.05 0.05 0.05 0.05 0.05 0.05 0.05 0.05 0.05 0.05 0.05 0.05 1.33 4.14 7.98 7.98 10.45 13.19 16.16 16.16 16.16 16.16 16.16 13.69 10.95 6.66 3.84 0.00 
	0.00 8.13 16.12 18.57 20.37 20.37 20.37 20.37 18.45 16.54 14.66 14.66 14.66 14.66 7.50 1.29 0.33 0.05 0.05 0.05 0.05 0.05 0.05 0.05 0.05 0.05 0.05 0.05 0.05 0.05 0.05 0.05 0.05 0.05 0.05 0.05 0.05 0.05 0.05 0.05 0.05 0.05 0.05 0.05 0.05 0.05 0.05 0.05 0.05 0.05 0.05 0.05 0.05 0.05 0.05 0.05 0.05 0.05 0.05 0.05 0.05 0.05 0.05 0.05 0.05 0.05 0.05 0.05 0.05 0.05 0.05 0.05 0.05 0.05 0.05 0.05 0.05 0.05 0.05 0.05 0.05 0.05 0.05 0.05 0.05 0.05 0.05 0.05 0.05 0.05 0.05 0.05 0.05 0.05 0.05 0.05 0.05 0.05 0.05 0.05 0.05 0.05 0.05 0.05 0.05 1.58 5.17 9.26 9.26 9.95 12.69 15.66 15.66 15.66 15.66 15.66 14.97 12.23 7.68 4.10 0.00 
	0.00 6.85 15.72 17.77 19.56 19.56 19.56 19.56 18.60 17.37 15.37 15.37 15.37 15.37 9.48 1.29 -0.21 0.05 0.05 0.05 0.05 0.05 0.05 0.05 0.05 0.05 0.05 0.05 0.05 0.05 0.05 0.05 0.05 0.05 0.05 0.05 0.05 0.05 0.05 0.05 0.05 0.05 0.05 0.05 0.05 0.05 0.05 0.05 0.05 0.05 0.05 0.05 0.05 0.05 0.05 0.05 0.05 0.05 0.05 0.05 0.05 0.05 0.05 0.05 0.05 0.05 0.05 0.05 0.05 0.05 0.05 0.05 0.05 0.05 0.05 0.05 0.05 0.05 0.05 0.05 0.05 0.05 0.05 0.05 0.05 0.05 0.05 0.05 0.05 0.05 0.05 0.05 0.05 0.05 0.05 0.05 0.05 0.05 0.05 0.05 0.05 0.05 0.05 0.05 0.05 2.10 6.19 10.29 10.29 10.29 12.76 15.72 15.72 15.72 15.72 15.72 15.72 13.25 8.19 4.10 0.00 
	0.00 8.67 17.24 19.29 21.60 21.60 21.60 21.60 18.32 18.18 16.17 16.17 16.17 16.17 10.79 2.34 0.29 0.05 0.05 0.05 0.05 0.05 0.05 0.05 0.05 0.05 0.05 0.05 0.05 0.05 0.05 0.05 0.05 0.05 0.05 0.05 0.05 0.05 0.05 0.05 0.05 0.05 0.05 0.05 0.05 0.05 0.05 0.05 0.05 0.05 0.05 0.05 0.05 0.05 0.05 0.05 0.05 0.05 0.05 0.05 0.05 0.05 0.05 0.05 0.05 0.05 0.05 0.05 0.05 0.05 0.05 0.05 0.05 0.05 0.05 0.05 0.05 0.05 0.05 0.05 0.05 0.05 0.05 0.05 0.05 0.05 0.05 0.05 0.05 0.05 0.05 0.05 0.05 0.05 0.05 0.05 0.05 0.05 0.05 0.05 0.05 0.05 0.05 0.05 0.56 3.63 9.01 13.10 13.10 13.10 14.33 17.31 17.31 17.31 17.31 17.31 17.31 15.55 9.47 4.10 0.00 
	0.00 7.74 16.58 21.44 23.75 23.75 23.75 23.75 20.88 20.74 18.73 18.73 18.73 18.73 13.86 5.16 0.29 0.05 0.05 0.05 0.05 0.05 0.05 0.05 0.05 0.05 0.05 0.05 0.05 0.05 0.05 0.05 0.05 0.05 0.05 0.05 0.05 0.05 0.05 0.05 0.05 0.05 0.05 0.05 0.05 0.05 0.05 0.05 0.05 0.05 0.05 0.05 0.05 0.05 0.05 0.05 0.05 0.05 0.05 0.05 0.05 0.05 0.05 0.05 0.05 0.05 0.05 0.05 0.05 0.05 0.05 0.05 0.05 0.05 0.05 0.05 0.05 0.05 0.05 0.05 0.05 0.05 0.05 0.05 0.05 0.05 0.05 0.05 0.05 0.05 0.05 0.05 0.05 0.05 0.05 0.05 0.05 0.05 0.05 0.05 0.05 0.05 0.05 0.05 0.82 4.40 10.03 13.87 13.87 13.87 14.14 17.11 17.11 17.11 17.11 17.11 17.11 16.07 9.47 3.84 0.00 
	0.00 6.21 13.63 18.50 21.82 21.82 21.82 21.82 18.26 17.84 15.84 15.84 15.84 15.84 12.51 5.77 1.32 0.05 0.05 0.05 0.05 0.05 0.05 0.05 0.05 0.05 0.05 0.05 0.05 0.05 0.05 0.05 0.05 0.05 0.05 0.05 0.05 0.05 0.05 0.05 0.05 0.05 0.05 0.05 0.05 0.05 0.05 0.05 0.05 0.05 0.05 0.05 0.05 0.05 0.05 0.05 0.05 0.05 0.05 0.05 0.05 0.05 0.05 0.05 0.05 0.05 0.05 0.05 0.05 0.05 0.05 0.05 0.05 0.05 0.05 0.05 0.05 0.05 0.05 0.05 0.05 0.05 0.05 0.05 0.05 0.05 0.05 0.05 0.05 0.05 0.05 0.05 0.05 0.05 0.05 0.05 0.05 0.05 0.05 0.05 0.05 0.05 0.05 0.05 2.10 6.19 11.82 15.92 15.92 15.92 15.92 18.06 18.06 18.06 18.06 18.06 18.06 16.01 9.73 4.10 0.00 
	0.00 6.07 13.24 19.89 23.48 23.73 23.73 23.73 20.31 19.89 18.30 18.30 18.30 18.30 14.97 9.17 2.93 0.99 0.74 0.74 0.74 0.74 0.05 0.05 0.05 0.05 0.05 0.05 0.05 0.05 0.05 0.05 0.05 0.05 0.05 0.05 0.05 0.05 0.05 0.05 0.05 0.05 0.05 0.05 0.05 0.05 0.05 0.05 0.05 0.05 0.05 0.05 0.05 0.05 0.05 0.05 0.05 0.05 0.05 0.05 0.05 0.05 0.05 0.05 0.05 0.05 0.05 0.05 0.05 0.05 0.05 0.05 0.05 0.05 0.05 0.05 0.05 0.05 0.05 0.05 0.05 0.05 0.05 0.05 0.05 0.05 0.05 0.05 0.05 0.05 0.05 0.05 0.05 0.05 0.05 0.05 0.05 0.05 0.05 0.05 0.05 0.05 0.05 0.05 2.86 8.24 13.87 17.97 17.97 17.97 17.97 18.88 18.88 18.88 18.88 18.88 18.88 16.06 9.73 4.10 0.00 
	0.00 5.30 12.21 19.38 23.48 24.24 24.24 24.24 20.82 20.40 19.22 19.22 19.22 19.22 16.66 11.39 4.64 1.78 1.01 1.01 1.01 1.01 0.05 0.05 0.05 0.05 0.05 0.05 0.05 0.05 0.05 0.05 0.05 0.05 0.05 0.05 0.05 0.05 0.05 0.05 0.05 0.05 0.05 0.05 0.05 0.05 0.05 0.05 0.05 0.05 0.05 0.05 0.05 0.05 0.05 0.05 0.05 0.05 0.05 0.05 0.05 0.05 0.05 0.05 0.05 0.05 0.05 0.05 0.05 0.05 0.05 0.05 0.05 0.05 0.05 0.05 0.05 0.05 0.05 0.05 0.05 0.05 0.05 0.05 0.05 0.05 0.05 0.05 0.05 0.05 0.05 0.05 0.05 0.05 0.05 0.05 0.05 0.05 0.05 0.05 0.05 0.05 0.05 0.05 2.86 8.24 15.15 18.99 18.99 18.99 18.99 18.94 18.94 18.94 18.94 18.94 18.94 16.13 10.75 3.84 0.00 
	0.00 5.30 11.96 19.80 23.90 24.67 24.67 24.67 21.25 20.84 19.52 19.52 19.52 19.52 17.10 12.22 5.46 2.05 1.28 1.28 1.28 1.15 0.05 0.05 0.05 0.05 0.05 0.05 0.05 0.05 0.05 0.05 0.05 0.05 0.05 0.05 0.05 0.05 0.05 0.05 0.05 0.05 0.05 0.05 0.05 0.05 0.05 0.05 0.05 0.05 0.05 0.05 0.05 0.05 0.05 0.05 0.05 0.05 0.05 0.05 0.05 0.05 0.05 0.05 0.05 0.05 0.05 0.05 0.05 0.05 0.05 0.05 0.05 0.05 0.05 0.05 0.05 0.05 0.05 0.05 0.05 0.05 0.05 0.05 0.05 0.05 0.05 0.05 0.05 0.05 0.05 0.05 0.05 0.05 0.05 0.05 0.05 0.05 0.05 0.05 0.05 0.05 0.05 0.05 2.86 9.01 16.69 21.04 21.04 21.04 21.04 20.99 20.99 20.99 20.99 20.99 20.99 18.18 12.03 4.35 0.00 
	0.00 5.30 12.25 21.78 27.55 29.34 29.34 29.34 25.92 24.96 22.13 21.99 21.99 21.99 19.71 15.09 8.84 3.21 1.42 1.42 1.42 1.15 0.05 0.05 0.05 0.05 0.05 0.05 0.05 0.05 0.05 0.05 0.05 0.05 0.05 0.05 0.05 0.05 0.05 0.05 0.05 0.05 0.05 0.05 0.05 0.05 0.05 0.05 0.05 0.05 0.05 0.05 0.05 0.05 0.05 0.05 0.05 0.05 0.05 0.05 0.05 0.05 0.05 0.05 0.05 0.05 0.05 0.05 0.05 0.05 0.05 0.05 0.05 0.05 0.05 0.05 0.05 0.05 0.05 0.05 0.05 0.05 0.05 0.05 0.05 0.05 0.05 0.05 0.05 0.05 0.05 0.05 0.05 0.05 0.05 0.05 0.05 0.05 0.05 0.05 0.05 0.05 0.05 0.30 3.38 9.78 18.48 22.06 22.06 22.06 22.06 22.02 22.02 22.02 22.02 22.02 21.76 18.69 12.29 3.58 0.00 
	0.00 2.83 8.97 19.15 26.71 28.51 28.51 28.51 27.55 25.35 22.38 22.24 22.24 22.52 20.37 17.80 11.04 3.62 1.83 1.83 1.56 1.15 0.05 0.05 0.05 0.05 0.05 0.05 0.05 0.05 0.05 0.05 0.05 0.05 0.05 0.05 0.05 0.05 0.05 0.05 0.05 0.05 0.05 0.05 0.05 0.05 0.05 0.05 0.05 0.05 0.05 0.05 0.05 0.05 0.05 0.05 0.05 0.05 0.05 0.05 0.05 0.05 0.05 0.05 0.05 0.05 0.05 0.05 0.05 0.05 0.05 0.05 0.05 0.05 0.05 0.05 0.05 0.05 0.05 0.05 0.05 0.05 0.05 0.05 0.05 0.05 0.05 0.05 0.05 0.05 0.05 0.05 0.05 0.05 0.05 0.05 0.05 0.05 0.05 0.05 0.05 0.05 0.05 0.30 3.38 10.03 18.22 21.04 21.04 21.04 21.04 20.99 20.99 20.99 20.99 20.99 20.74 17.66 11.01 2.82 0.00 
	0.00 2.50 9.08 20.02 27.84 29.63 29.63 29.63 27.99 24.83 21.87 21.73 21.73 22.15 21.03 18.97 11.44 3.76 1.97 1.97 1.56 1.15 0.05 0.05 0.05 0.05 0.05 0.05 0.05 0.05 0.05 0.05 0.05 0.05 0.05 0.05 0.05 0.05 0.05 0.05 0.05 0.05 0.05 0.05 0.05 0.05 0.05 0.05 0.05 0.05 0.05 0.05 0.05 0.05 0.05 0.05 0.05 0.05 0.05 0.05 0.05 0.05 0.05 0.05 0.05 0.05 0.05 0.05 0.05 0.05 0.05 0.05 0.05 0.05 0.05 0.05 0.05 0.05 0.05 0.05 0.05 0.05 0.05 0.05 0.05 0.05 0.05 0.05 0.05 0.05 0.05 0.05 0.05 0.05 0.05 0.05 0.05 0.05 0.05 0.05 0.05 0.05 0.05 1.58 4.91 11.82 20.27 22.83 22.83 22.83 22.83 22.78 22.78 22.78 22.78 22.78 21.25 17.92 11.01 2.56 0.00 
	0.00 2.38 8.45 20.67 29.52 31.31 31.31 31.31 30.21 27.47 24.51 24.37 24.37 25.05 24.19 21.95 12.73 4.03 2.24 2.24 1.56 1.15 0.05 0.05 0.05 0.05 0.05 0.05 0.05 0.05 0.05 0.05 0.05 0.05 0.05 0.05 0.05 0.05 0.05 0.05 0.05 0.05 0.05 0.05 0.05 0.05 0.05 0.05 0.05 0.05 0.05 0.05 0.05 0.05 0.05 0.05 0.05 0.05 0.05 0.05 0.05 0.05 0.05 0.05 0.05 0.05 0.05 0.05 0.05 0.05 0.05 0.05 0.05 0.05 0.05 0.05 0.05 0.05 0.05 0.05 0.05 0.05 0.05 0.05 0.05 0.05 0.05 0.05 0.05 0.05 0.05 0.05 0.05 0.05 0.05 0.05 0.05 0.05 0.05 0.05 0.05 0.05 0.05 1.58 5.17 12.08 21.04 24.11 24.11 24.11 24.11 24.06 24.06 24.06 24.06 24.06 22.53 18.94 12.03 3.07 0.00 
	0.00 2.14 6.67 18.90 30.81 32.86 32.86 32.86 31.49 28.75 25.79 25.65 27.84 28.94 28.58 27.20 17.98 6.21 4.16 1.97 0.87 0.46 0.05 0.05 0.05 0.05 0.05 0.05 0.05 0.05 0.05 0.05 0.05 0.05 0.05 0.05 0.05 0.05 0.05 0.05 0.05 0.05 0.05 0.05 0.05 0.05 0.05 0.05 0.05 0.05 0.05 0.05 0.05 0.05 0.05 0.05 0.05 0.05 0.05 0.05 0.05 0.05 0.05 0.05 0.05 0.05 0.05 0.05 0.05 0.05 0.05 0.05 0.05 0.05 0.05 0.05 0.05 0.05 0.05 0.05 0.05 0.05 0.05 0.05 0.05 0.05 0.05 0.05 0.05 0.05 0.05 0.05 0.05 0.05 0.05 0.05 0.05 0.05 0.05 0.05 0.05 0.05 0.05 2.10 6.45 13.36 22.58 25.14 25.14 25.14 25.14 25.09 25.09 25.09 25.09 25.09 23.04 18.69 11.78 2.56 0.00 
	0.00 2.41 6.68 19.18 32.11 34.41 34.41 34.41 32.77 30.03 27.07 26.93 29.40 30.63 30.27 28.87 19.40 6.60 4.30 1.83 0.60 0.19 0.05 0.05 0.05 0.05 0.05 0.05 0.05 0.05 0.05 0.05 0.05 0.05 0.05 0.05 0.05 0.05 0.05 0.05 0.05 0.05 0.05 0.05 0.05 0.05 0.05 0.05 0.05 0.05 0.05 0.05 0.05 0.05 0.05 0.05 0.05 0.05 0.05 0.05 0.05 0.05 0.05 0.05 0.05 0.05 0.05 0.05 0.05 0.05 0.05 0.05 0.05 0.05 0.05 0.05 0.05 0.05 0.05 0.05 0.05 0.05 0.05 0.05 0.05 0.05 0.05 0.05 0.05 0.05 0.05 0.05 0.05 0.05 0.05 0.05 0.05 0.05 0.05 0.05 0.05 0.05 0.05 2.10 6.96 13.87 22.32 24.62 24.62 24.62 24.62 24.58 24.58 24.58 24.58 24.58 22.53 17.66 10.75 2.30 0.00 
	0.00 2.69 7.48 19.53 33.49 35.79 35.79 35.79 33.88 31.14 28.86 28.86 31.32 32.69 32.20 30.15 20.43 6.60 4.16 1.69 0.32 0.05 0.05 0.05 0.05 0.05 0.05 0.05 0.05 0.05 0.05 0.05 0.05 0.05 0.05 0.05 0.05 0.05 0.05 0.05 0.05 0.05 0.05 0.05 0.05 0.05 0.05 0.05 0.05 0.05 0.05 0.05 0.05 0.05 0.05 0.05 0.05 0.05 0.05 0.05 0.05 0.05 0.05 0.05 0.05 0.05 0.05 0.05 0.05 0.05 0.05 0.05 0.05 0.05 0.05 0.05 0.05 0.05 0.05 0.05 0.05 0.05 0.05 0.05 0.05 0.05 0.05 0.05 0.05 0.05 0.05 0.05 0.05 0.05 0.05 0.05 0.05 0.05 0.05 0.05 0.05 0.05 0.05 2.35 7.98 14.38 22.58 24.88 24.88 24.88 24.88 24.83 24.83 24.83 24.83 24.83 22.53 16.90 10.50 2.30 0.00 
	0.00 2.94 9.37 20.15 35.89 38.20 38.20 38.20 36.29 33.96 33.46 31.68 34.14 35.79 34.89 30.80 20.56 6.73 4.30 1.83 0.19 0.05 0.05 0.05 0.05 0.05 0.05 0.05 0.05 0.05 0.05 0.05 0.05 0.05 0.05 0.05 0.05 0.05 0.05 0.05 0.05 0.05 0.05 0.05 0.05 0.05 0.05 0.05 0.05 0.05 0.05 0.05 0.05 0.05 0.05 0.05 0.05 0.05 0.05 0.05 0.05 0.05 0.05 0.05 0.05 0.05 0.05 0.05 0.05 0.05 0.05 0.05 0.05 0.05 0.05 0.05 0.05 0.05 0.05 0.05 0.05 0.05 0.05 0.05 0.05 0.05 0.05 0.05 0.05 0.05 0.05 0.05 0.05 0.05 0.05 0.05 0.05 0.05 0.05 0.05 0.05 0.05 0.05 2.61 7.98 14.38 21.30 23.60 23.60 23.60 23.60 23.55 23.55 23.55 23.55 23.55 20.99 15.62 9.22 2.30 0.00 
	0.00 2.69 8.39 16.50 32.78 35.10 35.10 35.10 33.18 32.08 31.45 29.12 31.58 33.23 32.46 27.85 20.43 6.60 4.16 1.69 0.05 0.05 0.05 0.05 0.05 0.05 0.05 0.05 0.05 0.05 0.05 0.05 0.05 0.05 0.05 0.05 0.05 0.05 0.05 0.05 0.05 0.05 0.05 0.05 0.05 0.05 0.05 0.05 0.05 0.05 0.05 0.05 0.05 0.05 0.05 0.05 0.05 0.05 0.05 0.05 0.05 0.05 0.05 0.05 0.05 0.05 0.05 0.05 0.05 0.05 0.05 0.05 0.05 0.05 0.05 0.05 0.05 0.05 0.05 0.05 0.05 0.05 0.05 0.05 0.05 0.05 0.05 0.05 0.05 0.05 0.05 0.05 0.05 0.05 0.05 0.05 0.05 0.05 0.05 0.05 0.05 0.05 0.05 2.86 7.98 14.13 21.04 24.37 24.37 24.37 24.37 24.32 24.32 24.32 24.32 24.32 21.50 16.38 10.24 3.33 0.00 
	0.00 1.87 7.37 17.02 32.56 35.14 35.14 35.14 34.05 33.91 33.27 30.67 32.86 34.92 34.15 28.77 19.81 7.01 4.57 2.10 0.05 0.05 0.05 0.05 0.05 0.05 0.05 0.05 0.05 0.05 0.05 0.05 0.05 0.05 0.05 0.05 0.05 0.05 0.05 0.05 0.05 0.05 0.05 0.05 0.05 0.05 0.05 0.05 0.05 0.05 0.05 0.05 0.05 0.05 0.05 0.05 0.05 0.05 0.05 0.05 0.05 0.05 0.05 0.05 0.05 0.05 0.05 0.05 0.05 0.05 0.05 0.05 0.05 0.05 0.05 0.05 0.05 0.05 0.05 0.05 0.05 0.05 0.05 0.05 0.05 0.05 0.05 0.05 0.05 0.05 0.05 0.05 0.05 0.05 0.05 0.05 0.05 0.05 0.05 0.05 0.05 0.05 0.05 3.12 6.96 12.85 20.78 24.62 24.62 24.62 24.62 24.58 24.58 24.58 24.58 24.58 21.50 17.66 11.78 3.84 0.00 
	0.00 1.59 7.36 15.72 31.26 33.59 33.72 33.72 32.90 32.77 32.13 29.53 31.72 33.36 32.73 27.10 19.42 6.62 4.43 1.97 0.19 0.05 0.05 0.05 0.05 0.05 0.05 0.05 0.05 0.05 0.05 0.05 0.05 0.05 0.05 0.05 0.05 0.05 0.05 0.05 0.05 0.05 0.05 0.05 0.05 0.05 0.05 0.05 0.05 0.05 0.05 0.05 0.05 0.05 0.05 0.05 0.05 0.05 0.05 0.05 0.05 0.05 0.05 0.05 0.05 0.05 0.05 0.05 0.05 0.05 0.05 0.05 0.05 0.05 0.05 0.05 0.05 0.05 0.05 0.05 0.05 0.05 0.05 0.05 0.05 0.05 0.05 0.05 0.05 0.05 0.05 0.05 0.05 0.05 0.05 0.05 0.05 0.05 0.05 0.05 0.05 0.05 0.05 3.38 6.70 11.57 19.50 22.83 22.83 22.83 22.83 22.78 22.78 22.78 22.78 22.78 19.46 16.13 11.26 3.33 0.00 
	0.00 1.06 7.09 15.71 30.73 32.54 33.09 33.09 32.54 32.41 31.77 29.17 29.17 29.99 29.62 23.73 15.79 3.50 1.83 1.56 0.19 0.05 0.05 0.05 0.05 0.05 0.05 0.05 0.05 0.05 0.05 0.05 0.05 0.05 0.05 0.05 0.05 0.05 0.05 0.05 0.05 0.05 0.05 0.05 0.05 0.05 0.05 0.05 0.05 0.05 0.05 0.05 0.05 0.05 0.05 0.05 0.05 0.05 0.05 0.05 0.05 0.05 0.05 0.05 0.05 0.05 0.05 0.05 0.05 0.05 0.05 0.05 0.05 0.05 0.05 0.05 0.05 0.05 0.05 0.05 0.05 0.05 0.05 0.05 0.05 0.05 0.05 0.05 0.05 0.05 0.05 0.05 0.05 0.05 0.05 0.05 0.05 0.05 0.05 0.05 0.05 0.05 0.05 3.38 6.96 12.59 20.78 24.62 24.62 24.62 24.62 24.58 24.58 24.58 24.58 24.58 21.25 17.66 12.03 3.84 0.00 
	0.00 0.53 6.81 15.95 31.49 34.32 35.83 35.83 35.55 35.42 34.78 32.18 31.90 31.63 31.51 25.64 17.19 4.39 1.69 1.69 0.46 0.32 0.05 0.05 0.05 0.05 0.05 0.05 0.05 0.05 0.05 0.05 0.05 0.05 0.05 0.05 0.05 0.05 0.05 0.05 0.05 0.05 0.05 0.05 0.05 0.05 0.05 0.05 0.05 0.05 0.05 0.05 0.05 0.05 0.05 0.05 0.05 0.05 0.05 0.05 0.05 0.05 0.05 0.05 0.05 0.05 0.05 0.05 0.05 0.05 0.05 0.05 0.05 0.05 0.05 0.05 0.05 0.05 0.05 0.05 0.05 0.05 0.05 0.05 0.05 0.05 0.05 0.05 0.05 0.05 0.05 0.05 0.05 0.05 0.05 0.05 0.05 0.05 0.05 0.05 0.05 0.05 0.05 3.38 7.47 13.10 21.55 24.88 24.88 24.88 24.88 24.83 24.83 24.83 24.83 24.83 21.50 17.41 11.78 3.33 0.00 
	0.00 0.26 6.54 16.18 30.44 32.51 34.01 34.01 34.01 33.88 33.24 30.50 30.23 29.82 29.69 23.96 15.42 3.90 2.10 2.10 1.01 0.87 0.46 0.05 0.05 0.05 0.05 0.05 0.05 0.05 0.05 0.05 0.05 0.05 0.05 0.05 0.05 0.05 0.05 0.05 0.05 0.05 0.05 0.05 0.05 0.05 0.05 0.05 0.05 0.05 0.05 0.05 0.05 0.05 0.05 0.05 0.05 0.05 0.05 0.05 0.05 0.05 0.05 0.05 0.05 0.05 0.05 0.05 0.05 0.05 0.05 0.05 0.05 0.05 0.05 0.05 0.05 0.05 0.05 0.05 0.05 0.05 0.05 0.05 0.05 0.05 0.05 0.05 0.05 0.05 0.05 0.05 0.05 0.05 0.05 0.05 0.05 0.05 0.05 0.05 0.05 0.05 0.05 3.12 7.47 13.10 21.55 24.62 24.62 24.62 24.62 24.58 24.58 24.58 24.58 24.58 21.50 17.15 11.52 3.07 0.00 
	0.00 0.26 6.40 15.89 26.96 29.27 30.78 30.78 30.78 30.78 30.55 29.73 29.46 28.77 28.66 22.92 14.12 4.29 2.24 2.24 1.42 1.28 0.87 0.46 0.05 0.05 0.05 0.05 0.05 0.05 0.05 0.05 0.05 0.05 0.05 0.05 0.05 0.05 0.05 0.05 0.05 0.05 0.05 0.05 0.05 0.05 0.05 0.05 0.05 0.05 0.05 0.05 0.05 0.05 0.05 0.05 0.05 0.05 0.05 0.05 0.05 0.05 0.05 0.05 0.05 0.05 0.05 0.05 0.05 0.05 0.05 0.05 0.05 0.05 0.05 0.05 0.05 0.05 0.05 0.05 0.05 0.05 0.05 0.05 0.05 0.05 0.05 0.05 0.05 0.05 0.05 0.05 0.05 0.05 0.05 0.05 0.05 0.05 0.05 0.05 0.05 0.05 0.05 3.12 7.47 13.10 21.04 24.37 24.37 24.37 24.37 24.32 24.32 24.32 24.32 24.32 21.25 16.90 11.26 3.33 0.00 
	0.00 0.26 6.40 16.90 26.64 28.97 30.47 30.47 30.47 30.61 30.65 30.38 30.10 29.14 29.03 23.29 14.45 5.39 3.34 3.34 2.79 2.65 2.24 0.46 0.05 0.05 0.05 0.05 0.05 0.05 0.05 0.05 0.05 0.05 0.05 0.05 0.05 0.05 0.05 0.05 0.05 0.05 0.05 0.05 0.05 0.05 0.05 0.05 0.05 0.05 0.05 0.05 0.05 0.05 0.05 0.05 0.05 0.05 0.05 0.05 0.05 0.05 0.05 0.05 0.05 0.05 0.05 0.05 0.05 0.05 0.05 0.05 0.05 0.05 0.05 0.05 0.05 0.05 0.05 0.05 0.05 0.05 0.05 0.05 0.05 0.05 0.05 0.05 0.05 0.05 0.05 0.05 0.05 0.05 0.05 0.05 0.05 0.05 0.05 0.05 0.05 0.05 0.05 2.35 6.96 12.85 21.04 24.37 24.37 24.37 24.37 24.32 24.32 24.32 24.32 24.32 22.02 17.41 11.52 3.33 0.00 
	0.00 0.26 6.40 17.15 25.86 28.42 30.18 30.18 30.18 30.59 31.60 31.60 31.60 30.09 29.97 24.24 14.86 5.60 3.04 2.79 2.79 2.65 2.24 0.46 0.05 0.05 0.05 0.05 0.05 0.05 0.05 0.05 0.05 0.05 0.05 0.05 0.05 0.05 0.05 0.05 0.05 0.05 0.05 0.05 0.05 0.05 0.05 0.05 0.05 0.05 0.05 0.05 0.05 0.05 0.05 0.05 0.05 0.05 0.05 0.05 0.05 0.05 0.05 0.05 0.05 0.05 0.05 0.05 0.05 0.05 0.05 0.05 0.05 0.05 0.05 0.05 0.05 0.05 0.05 0.05 0.05 0.05 0.05 0.05 0.05 0.05 0.05 0.05 0.05 0.05 0.05 0.05 0.05 0.05 0.05 0.05 0.05 0.05 0.05 0.05 0.05 0.05 0.05 2.61 7.22 12.59 20.27 23.34 23.34 23.34 23.34 23.30 23.30 23.30 23.30 23.30 20.74 16.13 10.75 3.07 0.00 
	0.00 0.26 6.40 17.15 24.06 26.62 28.25 28.25 28.25 28.66 29.67 29.67 29.67 28.30 28.04 22.31 12.93 5.46 2.90 2.65 2.65 2.65 2.24 0.46 0.05 0.05 0.05 0.05 0.05 0.05 0.05 0.05 0.05 0.05 0.05 0.05 0.05 0.05 0.05 0.05 0.05 0.05 0.05 0.05 0.05 0.05 0.05 0.05 0.05 0.05 0.05 0.05 0.05 0.05 0.05 0.05 0.05 0.05 0.05 0.05 0.05 0.05 0.05 0.05 0.05 0.05 0.05 0.05 0.05 0.05 0.05 0.05 0.05 0.05 0.05 0.05 0.05 0.05 0.05 0.05 0.05 0.05 0.05 0.05 0.05 0.05 0.05 0.05 0.05 0.05 0.05 0.05 0.05 0.05 0.05 0.05 0.05 0.05 0.05 0.05 0.05 0.05 0.05 3.12 6.96 12.85 20.02 24.37 24.37 24.37 24.37 24.32 24.32 24.32 24.32 24.32 21.25 17.41 11.52 4.35 0.00 
	0.00 0.26 6.40 16.90 23.04 26.62 27.84 27.84 27.84 28.25 29.26 29.26 29.26 28.30 28.04 22.31 13.18 6.49 2.90 2.65 2.65 2.65 2.24 0.46 0.05 0.05 0.05 0.05 0.05 0.05 0.05 0.05 0.05 0.05 0.05 0.05 0.05 0.05 0.05 0.05 0.05 0.05 0.05 0.05 0.05 0.05 0.05 0.05 0.05 0.05 0.05 0.05 0.05 0.05 0.05 0.05 0.05 0.05 0.05 0.05 0.05 0.05 0.05 0.05 0.05 0.05 0.05 0.05 0.05 0.05 0.05 0.05 0.05 0.05 0.05 0.05 0.05 0.05 0.05 0.05 0.05 0.05 0.05 0.05 0.05 0.05 0.05 0.05 0.05 0.05 0.05 0.05 0.05 0.05 0.05 0.05 0.05 0.05 0.05 0.05 0.05 0.05 0.05 3.38 7.22 14.13 21.55 26.67 26.67 26.67 26.67 26.62 26.62 26.62 26.62 26.62 23.30 19.46 12.54 5.12 0.00 
	0.00 0.26 4.86 15.10 21.76 25.60 25.86 25.86 25.86 26.27 27.27 27.54 28.23 28.23 27.98 23.51 14.64 7.43 3.31 2.38 2.38 2.38 2.24 0.46 0.05 0.05 0.05 0.05 0.05 0.05 0.05 0.05 0.05 0.05 0.05 0.05 0.05 0.05 0.05 0.05 0.05 0.05 0.05 0.05 0.05 0.05 0.05 0.05 0.05 0.05 0.05 0.05 0.05 0.05 0.05 0.05 0.05 0.05 0.05 0.05 0.05 0.05 0.05 0.05 0.05 0.05 0.05 0.05 0.05 0.05 0.05 0.05 0.05 0.05 0.05 0.05 0.05 0.05 0.05 0.05 0.05 0.05 0.05 0.05 0.05 0.05 0.05 0.05 0.05 0.05 0.05 0.05 0.05 0.05 0.05 0.05 0.05 0.05 0.05 0.05 0.05 0.05 0.05 3.12 6.70 13.62 21.04 27.18 27.18 27.18 27.18 27.14 27.14 27.14 27.14 27.14 24.06 20.48 13.57 6.14 0.00 
	0.00 0.00 2.30 12.03 19.46 23.30 23.55 23.55 23.55 23.96 24.97 25.24 26.48 26.48 26.48 24.18 15.41 7.43 3.31 1.83 1.83 1.83 1.83 0.46 0.05 0.05 0.05 0.05 0.05 0.05 0.05 0.05 0.05 0.05 0.05 0.05 0.05 0.05 0.05 0.05 0.05 0.05 0.05 0.05 0.05 0.05 0.05 0.05 0.05 0.05 0.05 0.05 0.05 0.05 0.05 0.05 0.05 0.05 0.05 0.05 0.05 0.05 0.05 0.05 0.05 0.05 0.05 0.05 0.05 0.05 0.05 0.05 0.05 0.05 0.05 0.05 0.05 0.05 0.05 0.05 0.05 0.05 0.05 0.05 0.05 0.05 0.05 0.05 0.05 0.05 0.05 0.05 0.05 0.05 0.05 0.05 0.05 0.05 0.05 0.05 0.05 0.05 0.05 3.12 6.70 12.59 20.02 26.93 26.93 26.93 26.93 26.88 26.88 26.88 26.88 26.88 23.81 20.22 14.34 6.91 0.00 
	0.00 0.00 1.54 11.26 18.69 22.78 23.30 23.55 23.55 23.96 24.97 25.24 26.48 26.48 26.48 24.94 16.18 7.79 3.42 1.67 1.42 1.42 1.42 0.05 0.05 0.05 0.05 0.05 0.05 0.05 0.05 0.05 0.05 0.05 0.05 0.05 0.05 0.05 0.05 0.05 0.05 0.05 0.05 0.05 0.05 0.05 0.05 0.05 0.05 0.05 0.05 0.05 0.05 0.05 0.05 0.05 0.05 0.05 0.05 0.05 0.05 0.05 0.05 0.05 0.05 0.05 0.05 0.05 0.05 0.05 0.05 0.05 0.05 0.05 0.05 0.05 0.05 0.05 0.05 0.05 0.05 0.05 0.05 0.05 0.05 0.05 0.05 0.05 0.05 0.05 0.05 0.05 0.05 0.05 0.05 0.05 0.05 0.05 0.05 0.05 0.05 0.05 0.30 3.38 8.24 13.87 21.55 29.49 29.49 29.49 29.49 29.44 29.44 29.44 29.44 29.18 26.11 21.25 15.62 7.94 0.00 
	0.00 0.00 0.77 11.01 18.43 22.78 23.30 23.81 23.81 24.08 25.09 25.37 26.60 26.60 26.60 25.83 15.32 6.93 2.30 0.56 0.05 0.05 0.05 0.05 0.05 0.05 0.05 0.05 0.05 0.05 0.05 0.05 0.05 0.05 0.05 0.05 0.05 0.05 0.05 0.05 0.05 0.05 0.05 0.05 0.05 0.05 0.05 0.05 0.05 0.05 0.05 0.05 0.05 0.05 0.05 0.05 0.05 0.05 0.05 0.05 0.05 0.05 0.05 0.05 0.05 0.05 0.05 0.05 0.05 0.05 0.05 0.05 0.05 0.05 0.05 0.05 0.05 0.05 0.05 0.05 0.05 0.05 0.05 0.05 0.05 0.05 0.05 0.05 0.05 0.05 0.05 0.05 0.05 0.05 1.07 1.58 1.84 4.14 4.40 4.91 5.17 5.42 5.94 8.75 13.87 19.25 26.16 33.07 32.56 32.30 30.00 29.70 29.18 28.93 28.67 28.16 25.34 20.22 14.85 7.94 0.00 
	0.00 0.00 0.51 11.26 18.69 23.30 23.81 24.32 24.58 24.58 24.62 24.89 26.13 26.13 26.13 25.62 14.87 7.45 2.56 0.82 0.30 0.05 0.05 0.05 0.05 0.05 0.05 0.05 0.05 0.05 0.05 0.05 0.05 0.05 0.05 0.05 0.05 0.05 0.05 0.05 0.05 0.05 0.05 0.05 0.05 0.05 0.05 0.05 0.05 0.05 0.05 0.05 0.05 0.05 0.05 0.05 0.05 0.05 0.05 0.05 0.05 0.05 0.05 0.05 0.05 0.05 0.05 0.05 0.05 0.05 0.05 0.05 0.05 0.05 0.05 0.05 0.05 0.05 0.05 0.05 0.05 0.05 0.05 0.05 0.05 0.05 0.05 0.05 0.05 0.05 0.05 0.05 0.05 0.05 1.33 2.10 2.35 4.91 5.17 6.96 7.73 7.98 9.01 11.82 16.94 22.06 29.23 36.40 35.63 35.38 32.82 32.51 30.72 29.95 29.70 28.67 25.86 20.74 15.62 8.45 0.00 
	0.00 0.00 0.51 11.26 19.46 24.06 24.58 25.09 25.60 25.60 25.65 25.92 27.16 27.16 27.16 26.65 15.89 7.70 2.81 1.07 0.56 0.05 0.05 0.05 0.05 0.05 0.05 0.05 0.05 0.05 0.05 0.05 0.05 0.05 0.05 0.05 0.05 0.05 0.05 0.05 0.05 0.05 0.05 0.05 0.05 0.05 0.05 0.05 0.05 0.05 0.05 0.05 0.05 0.05 0.05 0.05 0.05 0.05 0.05 0.05 0.05 0.05 0.05 0.05 0.05 0.05 0.05 0.05 0.05 0.05 0.05 0.05 0.05 0.05 0.05 0.05 0.05 0.05 0.05 0.05 0.05 0.05 0.05 0.05 0.05 0.05 0.05 0.05 0.05 0.05 0.05 0.05 0.05 0.05 1.33 2.10 2.35 4.91 5.17 6.96 7.98 8.50 10.29 13.10 18.74 23.34 30.26 36.91 36.14 35.89 33.33 33.02 31.23 30.21 29.70 27.90 25.09 19.46 14.85 7.94 0.00 
	0.00 0.26 1.02 10.75 19.20 23.30 23.81 24.32 25.09 25.09 25.14 25.41 26.65 26.65 26.39 25.62 15.89 7.45 3.07 1.33 0.82 0.05 0.05 0.05 0.05 0.05 0.05 0.05 0.05 0.05 0.05 0.05 0.05 0.05 0.05 0.05 0.05 0.05 0.05 0.05 0.05 0.05 0.05 0.05 0.05 0.05 0.05 0.05 0.05 0.05 0.05 0.05 0.05 0.05 0.05 0.05 0.05 0.05 0.05 0.05 0.05 0.05 0.05 0.05 0.05 0.05 0.05 0.05 0.05 0.05 0.05 0.05 0.05 0.05 0.05 0.05 0.05 0.05 0.05 0.05 0.05 0.05 0.05 0.05 0.05 0.05 0.05 0.05 0.05 0.05 0.05 0.05 0.05 0.05 1.33 2.10 2.35 4.91 5.17 6.96 7.98 8.50 10.54 13.36 18.48 22.32 28.72 35.63 34.86 34.61 32.05 31.74 29.95 28.93 28.42 26.37 23.55 18.43 14.59 8.19 0.00 
	0.00 0.26 1.28 9.73 18.69 24.06 24.58 25.09 26.11 26.11 26.16 26.16 26.71 26.71 26.45 25.43 16.98 8.02 2.65 1.58 1.07 0.05 0.05 0.05 0.05 0.05 0.05 0.05 0.05 0.05 0.05 0.05 0.05 0.05 0.05 0.05 0.05 0.05 0.05 0.05 0.05 0.05 0.05 0.05 0.05 0.05 0.05 0.05 0.05 0.05 0.05 0.05 0.05 0.05 0.05 0.05 0.05 0.05 0.05 0.05 0.05 0.05 0.05 0.05 0.05 0.05 0.05 0.05 0.05 0.05 0.05 0.05 0.05 0.05 0.05 0.05 0.05 0.05 0.05 0.05 0.05 0.05 0.05 0.05 0.05 0.05 0.05 0.05 0.05 0.05 0.05 0.05 0.05 0.05 1.33 2.10 2.35 4.91 5.17 6.96 7.98 8.50 10.80 13.62 18.48 22.06 27.70 34.61 33.84 33.58 31.02 30.72 28.93 27.90 27.39 25.09 22.27 17.41 13.82 8.19 0.00 
	0.00 0.51 1.54 9.22 18.43 23.81 25.34 25.86 26.88 27.14 27.18 27.18 27.18 27.18 26.67 25.65 17.97 8.75 3.38 1.84 1.33 0.30 0.05 0.05 0.05 0.05 0.05 0.05 0.05 0.05 0.05 0.05 0.05 0.05 0.05 0.05 0.05 0.05 0.05 0.05 0.05 0.05 0.05 0.05 0.05 0.05 0.05 0.05 0.05 0.05 0.05 0.05 0.05 0.05 0.05 0.05 0.05 0.05 0.05 0.05 0.05 0.05 0.05 0.05 0.05 0.05 0.05 0.05 0.05 0.05 0.05 0.05 0.05 0.05 0.05 0.05 0.05 0.05 0.05 0.05 0.05 0.05 0.05 0.05 0.05 0.05 0.05 0.05 0.05 0.05 0.05 0.05 0.05 0.05 1.33 2.10 2.35 4.91 5.17 6.96 7.98 8.50 10.80 13.62 18.48 23.09 29.23 35.89 35.12 34.86 32.30 32.00 30.21 29.18 28.67 26.37 23.55 18.69 14.08 7.94 0.00 
	0.00 0.77 1.79 7.42 16.13 22.02 23.81 24.32 25.34 25.86 25.90 25.90 25.90 25.90 25.14 24.11 18.48 9.78 3.89 2.10 1.58 0.56 0.05 0.05 0.05 0.05 0.05 0.05 0.05 0.05 0.05 0.05 0.05 0.05 0.05 0.05 0.05 0.05 0.05 0.05 0.05 0.05 0.05 0.05 0.05 0.05 0.05 0.05 0.05 0.05 0.05 0.05 0.05 0.05 0.05 0.05 0.05 0.05 0.05 0.05 0.05 0.05 0.05 0.05 0.05 0.05 0.05 0.05 0.05 0.05 0.05 0.05 0.05 0.05 0.05 0.05 0.05 0.05 0.05 0.05 0.05 0.05 0.05 0.05 0.05 0.05 0.05 0.05 0.05 0.05 0.05 0.05 0.05 0.05 1.33 2.10 2.35 4.91 5.17 6.96 7.98 8.50 11.06 13.62 17.97 22.83 28.72 35.38 34.61 34.35 31.79 31.49 29.70 28.67 28.16 25.60 23.04 18.69 13.82 7.94 0.00 
	0.00 1.02 2.05 6.14 14.59 20.48 22.02 24.06 25.86 26.62 26.67 26.67 26.67 26.67 25.65 24.62 20.53 12.08 6.19 4.66 2.61 0.82 0.05 0.05 0.05 0.05 0.05 0.05 0.05 0.05 0.05 0.05 0.05 0.05 0.05 0.05 0.05 0.05 0.05 0.05 0.05 0.05 0.05 0.05 0.05 0.05 0.05 0.05 0.05 0.05 0.05 0.05 0.05 0.05 0.05 0.05 0.05 0.05 0.05 0.05 0.05 0.05 0.05 0.05 0.05 0.05 0.05 0.05 0.05 0.05 0.05 0.05 0.05 0.05 0.05 0.05 0.05 0.05 0.05 0.05 0.05 0.05 0.05 0.05 0.05 0.05 0.05 0.05 0.05 0.05 0.05 0.05 0.05 0.05 1.33 2.10 2.35 4.91 5.17 6.96 7.98 8.50 11.31 13.62 17.71 25.65 31.28 37.68 36.91 36.66 34.10 33.79 32.00 30.98 30.46 27.65 25.34 21.25 13.31 7.68 0.00 
	0.00 1.02 2.05 6.14 13.31 19.20 20.99 23.04 25.34 26.37 26.42 26.42 26.42 26.42 25.39 24.37 20.27 13.10 7.22 5.42 3.38 1.07 0.05 0.05 0.05 0.05 0.05 0.05 0.05 0.05 0.05 0.05 0.05 0.05 0.05 0.05 0.05 0.05 0.05 0.05 0.05 0.05 0.05 0.05 0.05 0.05 0.05 0.05 0.05 0.05 0.05 0.05 0.05 0.05 0.05 0.05 0.05 0.05 0.05 0.05 0.05 0.05 0.05 0.05 0.05 0.05 0.05 0.05 0.05 0.05 0.05 0.05 0.05 0.05 0.05 0.05 0.05 0.05 0.05 0.05 0.05 0.05 0.05 0.05 0.05 0.05 0.05 0.05 0.05 0.05 0.05 0.05 0.05 0.05 1.33 2.10 2.35 4.91 5.17 6.96 7.98 8.50 11.57 12.85 17.46 25.39 31.02 36.14 35.38 35.12 32.56 32.26 30.46 29.44 28.93 25.86 24.58 19.97 12.03 6.40 0.00 
	0.00 1.02 2.05 7.17 14.34 19.20 21.76 24.06 26.37 27.39 27.44 27.44 27.44 27.44 26.42 25.39 20.27 13.10 8.24 5.68 3.38 1.07 0.05 0.05 0.05 0.05 0.05 0.05 0.05 0.05 0.05 0.05 0.05 0.05 0.05 0.05 0.05 0.05 0.05 0.05 0.05 0.05 0.05 0.05 0.05 0.05 0.05 0.05 0.05 0.05 0.05 0.05 0.05 0.05 0.05 0.05 0.05 0.05 0.05 0.05 0.05 0.05 0.05 0.05 0.05 0.05 0.05 0.05 0.05 0.05 0.05 0.05 0.05 0.05 0.05 0.05 0.05 0.05 0.05 0.05 0.05 0.05 0.05 0.05 0.05 0.05 0.05 0.05 0.05 0.05 0.05 0.05 0.05 0.05 1.33 2.10 2.35 4.91 5.17 6.96 7.98 8.50 11.82 12.85 17.20 24.37 29.74 34.10 33.33 33.07 30.51 30.21 28.42 27.39 26.88 23.55 22.53 18.18 11.01 5.63 0.00 
	0.00 1.02 2.30 7.42 13.06 18.43 21.50 24.06 26.37 27.39 27.70 27.70 27.70 27.70 26.67 25.39 20.27 14.64 9.26 6.19 3.63 1.33 0.30 0.05 0.05 0.05 0.05 0.05 0.05 0.05 0.05 0.05 0.05 0.05 0.05 0.05 0.05 0.05 0.05 0.05 0.05 0.05 0.05 0.05 0.05 0.05 0.05 0.05 0.05 0.05 0.05 0.05 0.05 0.05 0.05 0.05 0.05 0.05 0.05 0.05 0.05 0.05 0.05 0.05 0.05 0.05 0.05 0.05 0.05 0.05 0.05 0.05 0.05 0.05 0.05 0.05 0.05 0.05 0.05 0.05 0.05 0.05 0.05 0.05 0.05 0.05 0.05 0.05 0.05 0.05 0.05 0.05 0.05 0.05 1.33 2.10 2.35 4.91 5.17 6.96 7.98 8.50 12.34 13.62 18.48 25.90 31.02 35.38 34.61 34.35 31.79 31.49 29.70 28.67 28.16 24.32 23.04 18.18 10.75 5.63 0.00 
	0.00 1.02 2.30 7.94 12.29 17.66 22.27 24.83 27.14 28.16 28.72 28.72 28.72 28.72 27.70 26.42 20.78 16.43 11.06 6.45 3.89 1.58 0.56 0.05 0.05 0.05 0.05 0.05 0.05 0.05 0.05 0.05 0.05 0.05 0.05 0.05 0.05 0.05 0.05 0.05 0.05 0.05 0.05 0.05 0.05 0.05 0.05 0.05 0.05 0.05 0.05 0.05 0.05 0.05 0.05 0.05 0.05 0.05 0.05 0.05 0.05 0.05 0.05 0.05 0.05 0.05 0.05 0.05 0.05 0.05 0.05 0.05 0.05 0.05 0.05 0.05 0.05 0.05 0.05 0.05 0.05 0.05 0.05 0.05 0.05 0.05 0.05 0.05 0.05 0.05 0.05 0.05 0.05 0.05 1.33 2.10 2.35 4.91 5.17 6.96 7.98 8.50 15.92 16.94 23.09 30.51 35.63 39.22 38.45 38.19 35.63 35.33 33.54 32.51 32.00 24.58 23.55 17.41 9.98 4.86 0.00 
	0.00 1.02 2.30 7.94 12.29 17.92 22.53 24.83 27.14 28.16 28.72 28.72 28.72 28.72 27.70 26.42 20.78 16.43 10.80 6.19 3.89 1.58 0.56 0.05 0.05 0.05 0.05 0.05 0.05 0.05 0.05 0.05 0.05 0.05 0.05 0.05 0.05 0.05 0.05 0.05 0.05 0.05 0.05 0.05 0.05 0.05 0.05 0.05 0.05 0.05 0.05 0.05 0.05 0.05 0.05 0.05 0.05 0.05 0.05 0.05 0.05 0.05 0.05 0.05 0.05 0.05 0.05 0.05 0.05 0.05 0.05 0.05 0.05 0.05 0.05 0.05 0.05 0.05 0.05 0.05 0.05 0.05 0.05 0.05 0.05 0.05 0.05 0.05 0.05 0.05 0.05 0.05 0.05 0.05 1.33 2.10 2.35 4.91 5.17 6.96 7.98 8.75 16.69 17.71 24.37 31.79 36.91 38.19 37.42 37.17 34.61 34.30 32.51 31.49 30.72 22.78 21.76 15.10 7.68 2.56 0.00 
	0.00 1.02 2.56 6.14 10.75 17.15 22.02 24.06 26.37 27.39 27.95 28.21 28.21 28.21 27.18 25.65 22.06 17.46 11.06 6.19 4.14 1.84 0.82 0.30 0.05 0.05 0.05 0.05 0.05 0.05 0.05 0.05 0.05 0.05 0.05 0.05 0.05 0.05 0.05 0.05 0.05 0.05 0.05 0.05 0.05 0.05 0.05 0.05 0.05 0.05 0.05 0.05 0.05 0.05 0.05 0.05 0.05 0.05 0.05 0.05 0.05 0.05 0.05 0.05 0.05 0.05 0.05 0.05 0.05 0.05 0.05 0.05 0.05 0.05 0.05 0.05 0.05 0.05 0.05 0.05 0.05 0.05 0.05 0.05 0.05 0.05 0.05 0.05 0.05 0.05 0.05 0.05 0.05 0.05 0.30 0.56 0.56 0.82 0.82 2.10 2.86 3.63 11.82 14.38 21.55 28.98 34.10 35.63 35.38 35.38 35.12 35.07 33.79 33.02 32.26 24.06 21.50 14.34 6.91 1.79 0.00 
	0.00 1.02 2.56 4.86 9.47 16.90 21.76 23.81 25.86 26.88 27.44 27.95 27.95 27.95 26.93 25.39 23.09 18.48 11.06 6.19 4.14 2.10 1.07 0.56 0.05 0.05 0.05 0.05 0.05 0.05 0.05 0.05 0.05 0.05 0.05 0.05 0.05 0.05 0.05 0.05 0.05 0.05 0.05 0.05 0.05 0.05 0.05 0.05 0.05 0.05 0.05 0.05 0.05 0.05 0.05 0.05 0.05 0.05 0.05 0.05 0.05 0.05 0.05 0.05 0.05 0.05 0.05 0.05 0.05 0.05 0.05 0.05 0.05 0.05 0.05 0.05 0.05 0.05 0.05 0.05 0.05 0.05 0.05 0.05 0.05 0.05 0.05 0.05 0.05 0.05 0.05 0.05 0.05 0.05 0.05 0.05 0.05 0.05 0.05 0.05 0.30 1.33 10.29 13.36 21.81 29.49 34.86 36.14 36.14 36.14 36.14 36.10 36.10 35.84 34.82 25.86 22.78 14.34 6.66 1.28 0.00 
	0.00 1.02 2.30 5.12 8.96 16.38 22.27 24.32 26.11 27.14 27.70 28.46 28.72 28.72 27.70 26.42 23.60 19.76 12.34 6.45 4.40 2.61 1.58 1.07 0.30 0.05 0.05 0.05 0.05 0.05 0.05 0.05 0.05 0.05 0.05 0.05 0.05 0.05 0.05 0.05 0.05 0.05 0.05 0.05 0.05 0.05 0.05 0.05 0.05 0.05 0.05 0.05 0.05 0.05 0.05 0.05 0.05 0.05 0.05 0.05 0.05 0.05 0.05 0.05 0.05 0.05 0.05 0.05 0.05 0.05 0.05 0.05 0.05 0.05 0.05 0.05 0.05 0.05 0.05 0.05 0.05 0.05 0.05 0.05 0.05 0.05 0.05 0.05 0.05 0.05 0.05 0.05 0.05 0.05 0.05 0.05 0.05 0.05 0.05 0.05 0.05 1.58 10.29 14.64 22.32 29.74 33.84 35.38 35.38 35.38 35.38 35.33 35.33 35.33 33.79 25.09 20.74 13.06 5.63 1.54 0.00 
	0.00 1.02 1.79 5.12 8.70 15.62 22.02 24.06 25.60 26.62 27.18 28.46 28.72 28.72 27.70 26.93 23.60 20.02 13.10 6.70 4.66 3.12 2.10 1.58 0.30 0.05 0.05 0.05 0.05 0.05 0.05 0.05 0.05 0.05 0.05 0.05 0.05 0.05 0.05 0.05 0.05 0.05 0.05 0.05 0.05 0.05 0.05 0.05 0.05 0.05 0.05 0.05 0.05 0.05 0.05 0.05 0.05 0.05 0.05 0.05 0.05 0.05 0.05 0.05 0.05 0.05 0.05 0.05 0.05 0.05 0.05 0.05 0.05 0.05 0.05 0.05 0.05 0.05 0.05 0.05 0.05 0.05 0.05 0.05 0.05 0.05 0.05 0.05 0.05 0.05 0.05 0.05 0.05 0.05 0.05 0.05 0.05 0.05 0.05 0.05 0.05 1.58 10.03 14.90 22.58 30.00 33.07 34.61 34.61 34.61 34.61 34.56 34.56 34.56 33.02 24.58 19.71 12.03 4.61 1.54 0.00 
	0.00 1.02 1.54 4.86 8.19 13.57 20.74 22.78 24.06 25.09 25.65 27.44 27.70 27.70 26.67 26.16 22.83 19.50 14.13 6.96 4.91 3.63 2.61 2.10 0.30 0.05 0.05 0.05 0.05 0.05 0.05 0.05 0.05 0.05 0.05 0.05 0.05 0.05 0.05 0.05 0.05 0.05 0.05 0.05 0.05 0.05 0.05 0.05 0.05 0.05 0.05 0.05 0.05 0.05 0.05 0.05 0.05 0.05 0.05 0.05 0.05 0.05 0.05 0.05 0.05 0.05 0.05 0.05 0.05 0.05 0.05 0.05 0.05 0.05 0.05 0.05 0.05 0.05 0.05 0.05 0.05 0.05 0.05 0.05 0.05 0.05 0.05 0.05 0.05 0.05 0.05 0.05 0.05 0.05 0.05 0.05 0.05 0.05 0.05 0.05 0.05 1.84 10.54 15.92 23.34 31.02 33.84 35.63 35.63 35.63 35.63 35.58 35.58 35.58 33.79 25.09 19.71 12.29 4.61 1.79 0.00 
	0.00 1.02 1.54 4.86 7.42 13.06 19.46 21.50 22.78 23.55 24.37 26.16 26.42 26.42 25.39 24.88 21.55 18.99 13.36 6.96 4.91 3.63 2.86 2.10 0.30 0.05 0.05 0.05 0.05 0.05 0.05 0.05 0.05 0.05 0.05 0.05 0.05 0.05 0.05 0.05 0.05 0.05 0.05 0.05 0.05 0.05 0.05 0.05 0.05 0.05 0.05 0.05 0.05 0.05 0.05 0.05 0.05 0.05 0.05 0.05 0.05 0.05 0.05 0.05 0.05 0.05 0.05 0.05 0.05 0.05 0.05 0.05 0.05 0.05 0.05 0.05 0.05 0.05 0.05 0.05 0.05 0.05 0.05 0.05 0.05 0.05 0.05 0.05 0.05 0.05 0.05 0.05 0.05 0.05 0.05 0.05 0.05 0.05 0.05 0.05 0.05 2.10 10.80 16.43 23.86 30.00 32.30 34.10 34.10 34.10 34.10 34.05 34.05 34.05 32.00 23.30 17.66 10.24 4.10 1.79 0.00 
	0.00 0.77 1.54 5.12 7.94 13.06 19.97 22.02 23.30 23.81 24.88 26.67 26.93 26.93 26.16 25.39 21.81 18.99 13.87 6.96 4.91 3.63 3.12 2.10 0.30 0.05 0.05 0.05 0.05 0.05 0.05 0.05 0.05 0.05 0.05 0.05 0.05 0.05 0.05 0.05 0.05 0.05 0.05 0.05 0.05 0.05 0.05 0.05 0.05 0.05 0.05 0.05 0.05 0.05 0.05 0.05 0.05 0.05 0.05 0.05 0.05 0.05 0.05 0.05 0.05 0.05 0.05 0.05 0.05 0.05 0.05 0.05 0.05 0.05 0.05 0.05 0.05 0.05 0.05 0.05 0.05 0.05 0.05 0.05 0.05 0.05 0.05 0.05 0.05 0.05 0.05 0.05 0.05 0.05 0.05 0.05 0.05 0.05 0.05 0.30 0.30 2.61 11.82 17.46 25.39 30.77 32.30 34.10 34.10 34.10 34.10 34.05 33.79 33.79 31.49 22.27 16.64 8.70 3.33 1.79 0.00 
	0.00 0.51 1.54 5.12 7.68 12.54 20.22 20.74 21.25 21.50 22.83 24.62 24.88 24.88 24.37 23.34 19.76 17.20 12.34 4.66 4.14 3.63 3.38 2.10 0.30 0.05 0.05 0.05 0.05 0.05 0.05 0.05 0.05 0.05 0.05 0.05 0.05 0.05 0.05 0.05 0.05 0.05 0.05 0.05 0.05 0.05 0.05 0.05 0.05 0.05 0.05 0.05 0.05 0.05 0.05 0.05 0.05 0.05 0.05 0.05 0.05 0.05 0.05 0.05 0.05 0.05 0.05 0.05 0.05 0.05 0.05 0.05 0.05 0.05 0.05 0.05 0.05 0.05 0.05 0.05 0.05 0.05 0.05 0.05 0.05 0.05 0.05 0.05 0.05 0.05 0.05 0.05 0.05 0.05 0.05 0.05 0.05 0.05 0.05 0.30 0.30 2.86 12.08 17.97 26.16 28.46 31.02 33.33 33.33 33.33 33.33 33.28 33.02 33.02 30.46 21.25 15.36 7.17 4.86 2.30 0.00 
	0.00 0.51 1.79 5.38 7.68 12.80 20.74 21.25 21.25 22.27 23.86 25.65 25.90 25.90 25.39 24.11 20.53 18.22 13.10 5.17 4.66 4.66 3.63 2.10 0.30 0.05 0.05 0.05 0.05 0.05 0.05 0.05 0.05 0.05 0.05 0.05 0.05 0.05 0.05 0.05 0.05 0.05 0.05 0.05 0.05 0.05 0.05 0.05 0.05 0.05 0.05 0.05 0.05 0.05 0.05 0.05 0.05 0.05 0.05 0.05 0.05 0.05 0.05 0.05 0.05 0.05 0.05 0.05 0.05 0.05 0.05 0.05 0.05 0.05 0.05 0.05 0.05 0.05 0.05 0.05 0.05 0.05 0.05 0.05 0.05 0.05 0.05 0.05 0.05 0.05 0.05 0.05 0.05 0.05 0.05 0.05 0.05 0.05 0.05 0.30 0.30 3.38 12.59 18.48 26.16 27.95 30.77 33.33 33.33 33.33 33.33 33.28 33.02 33.02 29.95 20.74 14.85 7.17 5.38 2.56 0.00 
	0.00 0.51 1.79 5.63 7.68 13.57 21.76 22.02 22.02 23.81 25.90 27.70 27.95 27.95 27.44 26.16 22.32 20.27 14.38 6.19 5.94 5.94 4.14 2.10 0.30 0.05 0.05 0.05 0.05 0.05 0.05 0.05 0.05 0.05 0.05 0.05 0.05 0.05 0.05 0.05 0.05 0.05 0.05 0.05 0.05 0.05 0.05 0.05 0.05 0.05 0.05 0.05 0.05 0.05 0.05 0.05 0.05 0.05 0.05 0.05 0.05 0.05 0.05 0.05 0.05 0.05 0.05 0.05 0.05 0.05 0.05 0.05 0.05 0.05 0.05 0.05 0.05 0.05 0.05 0.05 0.05 0.05 0.05 0.05 0.05 0.05 0.05 0.05 0.05 0.05 0.05 0.05 0.05 0.05 0.05 0.05 0.05 0.05 0.05 0.30 0.30 3.38 13.10 19.25 27.18 28.72 31.79 34.35 34.35 34.35 34.35 34.30 34.05 34.05 30.98 21.25 15.10 7.17 5.63 2.56 0.00 
	0.00 0.51 1.54 6.14 8.19 13.31 21.50 21.50 21.50 23.55 25.90 27.70 27.95 27.95 27.44 26.42 21.81 19.76 14.64 6.45 6.45 6.45 4.40 2.10 0.30 0.05 0.05 0.05 0.05 0.05 0.05 0.05 0.05 0.05 0.05 0.05 0.05 0.05 0.05 0.05 0.05 0.05 0.05 0.05 0.05 0.05 0.05 0.05 0.05 0.05 0.05 0.05 0.05 0.05 0.05 0.05 0.05 0.05 0.05 0.05 0.05 0.05 0.05 0.05 0.05 0.05 0.05 0.05 0.05 0.05 0.05 0.05 0.05 0.05 0.05 0.05 0.05 0.05 0.05 0.05 0.05 0.05 0.05 0.05 0.05 0.05 0.05 0.05 0.05 0.05 0.05 0.05 0.05 0.05 0.05 0.05 0.05 0.05 0.30 0.56 0.56 6.45 16.18 22.06 29.49 31.54 35.38 37.17 37.17 37.17 37.17 36.86 36.61 36.61 30.72 20.99 15.10 7.68 5.63 1.79 0.00 
	0.00 0.51 1.54 5.89 8.45 13.57 21.50 21.50 21.50 23.55 27.18 28.98 29.23 29.23 28.72 27.70 23.34 20.78 15.66 7.73 7.73 7.73 5.68 2.10 0.30 0.05 0.05 0.05 0.05 0.05 0.05 0.05 0.05 0.05 0.05 0.05 0.05 0.05 0.05 0.05 0.05 0.05 0.05 0.05 0.05 0.05 0.05 0.05 0.05 0.05 0.05 0.05 0.05 0.05 0.05 0.05 0.05 0.05 0.05 0.05 0.05 0.05 0.05 0.05 0.05 0.05 0.05 0.05 0.05 0.05 0.05 0.05 0.05 0.05 0.05 0.05 0.05 0.05 0.05 0.05 0.05 0.05 0.05 0.05 0.05 0.05 0.05 0.05 0.05 0.05 0.05 0.05 0.05 0.05 0.05 0.05 0.05 0.05 0.30 0.56 1.07 9.26 16.18 22.06 27.95 30.51 34.61 36.40 36.40 36.40 36.40 36.10 35.84 35.33 27.14 20.22 14.34 8.45 5.89 1.79 0.00 
	0.00 0.51 1.54 6.14 9.22 13.82 22.02 22.02 22.02 24.06 27.95 29.74 30.00 30.00 29.49 28.46 23.86 20.78 16.18 7.98 7.98 7.98 5.94 2.10 0.30 0.05 0.05 0.05 0.05 0.05 0.05 0.05 0.05 0.05 0.05 0.05 0.05 0.05 0.05 0.05 0.05 0.05 0.05 0.05 0.05 0.05 0.05 0.05 0.05 0.05 0.05 0.05 0.05 0.05 0.05 0.05 0.05 0.05 0.05 0.05 0.05 0.05 0.05 0.05 0.05 0.05 0.05 0.05 0.05 0.05 0.05 0.05 0.05 0.05 0.05 0.05 0.05 0.05 0.05 0.05 0.05 0.05 0.05 0.05 0.05 0.05 0.05 0.05 0.05 0.05 0.05 0.05 0.05 0.05 0.05 0.05 0.05 0.05 0.30 0.56 1.07 9.52 16.94 22.83 27.18 30.00 34.10 35.89 35.89 35.89 35.89 35.58 35.33 34.82 26.37 18.94 13.06 8.70 5.89 1.79 0.00 
	0.00 0.77 1.54 6.14 9.98 13.57 22.27 22.27 22.27 24.32 28.21 31.28 31.54 31.54 30.77 30.00 25.39 21.55 17.97 9.26 9.26 9.26 7.22 3.38 0.30 0.05 0.05 0.05 0.05 0.05 0.05 0.05 0.05 0.05 0.05 0.05 0.05 0.05 0.05 0.05 0.05 0.05 0.05 0.05 0.05 0.05 0.05 0.05 0.05 0.05 0.05 0.05 0.05 0.05 0.05 0.05 0.05 0.05 0.05 0.05 0.05 0.05 0.05 0.05 0.05 0.05 0.05 0.05 0.05 0.05 0.05 0.05 0.05 0.05 0.05 0.05 0.05 0.05 0.05 0.05 0.05 0.05 0.05 0.05 0.05 0.05 0.05 0.05 0.05 0.05 0.05 0.05 0.05 0.05 0.05 0.05 0.05 0.05 0.30 0.82 1.33 10.03 17.46 22.32 26.16 28.98 32.82 34.61 34.61 34.61 34.61 34.30 33.79 33.28 24.58 17.15 12.29 8.45 5.63 1.79 0.00 
	0.00 1.02 1.79 6.66 10.50 12.80 22.02 22.02 22.02 24.06 27.95 30.77 31.54 31.54 30.51 29.74 24.88 21.04 18.74 9.52 9.52 9.52 7.47 3.63 0.82 0.05 0.05 0.05 0.05 0.05 0.05 0.05 0.05 0.05 0.05 0.05 0.05 0.05 0.05 0.05 0.05 0.05 0.05 0.05 0.05 0.05 0.05 0.05 0.05 0.05 0.05 0.05 0.05 0.05 0.05 0.05 0.05 0.05 0.05 0.05 0.05 0.05 0.05 0.05 0.05 0.05 0.05 0.05 0.05 0.05 0.05 0.05 0.05 0.05 0.05 0.05 0.05 0.05 0.05 0.05 0.05 0.05 0.05 0.05 0.05 0.05 0.05 0.05 0.05 0.05 0.05 0.05 0.05 0.05 0.05 0.05 0.05 0.30 0.56 1.07 2.35 12.34 19.25 23.34 25.65 28.21 31.54 33.58 33.58 33.58 33.33 33.02 32.51 31.23 21.25 14.34 10.24 7.94 5.38 2.05 0.00 
	0.00 1.28 2.30 5.89 9.98 12.54 20.99 21.25 21.25 23.30 27.18 29.74 30.51 30.51 29.23 28.21 24.62 20.53 17.97 9.52 9.26 9.26 7.22 3.38 0.82 0.05 0.05 0.05 0.05 0.05 0.05 0.05 0.05 0.05 0.05 0.05 0.05 0.05 0.05 0.05 0.05 0.05 0.05 0.05 0.05 0.05 0.05 0.05 0.05 0.05 0.05 0.05 0.05 0.05 0.05 0.05 0.05 0.05 0.05 0.05 0.05 0.05 0.05 0.05 0.05 0.05 0.05 0.05 0.05 0.05 0.05 0.05 0.05 0.05 0.05 0.05 0.05 0.05 0.05 0.05 0.05 0.05 0.05 0.05 0.05 0.05 0.05 0.05 0.05 0.05 0.05 0.05 0.05 0.05 0.05 0.05 0.05 0.30 0.56 1.33 4.14 13.36 19.76 22.58 25.14 27.70 31.02 32.82 32.82 32.82 32.56 32.26 31.49 28.67 19.46 13.06 10.24 7.68 5.12 1.79 0.00 
	0.00 1.02 3.07 6.14 10.75 13.31 22.27 22.53 22.78 24.83 28.72 31.02 31.79 31.79 30.77 28.72 25.65 21.04 18.48 9.52 9.26 9.01 6.96 3.12 0.82 0.05 0.05 0.05 0.05 0.05 0.05 0.05 0.05 0.05 0.05 0.05 0.05 0.05 0.05 0.05 0.05 0.05 0.05 0.05 0.05 0.05 0.05 0.05 0.05 0.05 0.05 0.05 0.05 0.05 0.05 0.05 0.05 0.05 0.05 0.05 0.05 0.05 0.05 0.05 0.05 0.05 0.05 0.05 0.05 0.05 0.05 0.05 0.05 0.05 0.05 0.05 0.05 0.05 0.05 0.05 0.05 0.05 0.05 0.05 0.05 0.05 0.05 0.05 0.05 0.05 0.05 0.05 0.05 0.05 0.05 0.05 0.05 0.56 1.07 1.84 4.91 14.13 20.78 24.11 26.93 29.74 33.07 34.61 34.61 34.61 34.10 33.54 32.77 29.70 20.48 13.82 10.50 7.68 4.86 1.54 0.00 
	0.00 1.02 3.07 6.14 10.24 13.57 22.02 22.27 22.53 24.58 28.46 30.26 31.02 31.02 30.00 27.95 24.88 20.78 17.46 9.01 8.75 8.50 6.45 2.61 0.82 0.05 0.05 0.05 0.05 0.05 0.05 0.05 0.05 0.05 0.05 0.05 0.05 0.05 0.05 0.05 0.05 0.05 0.05 0.05 0.05 0.05 0.05 0.05 0.05 0.05 0.05 0.05 0.05 0.05 0.05 0.05 0.05 0.05 0.05 0.05 0.05 0.05 0.05 0.05 0.05 0.05 0.05 0.05 0.05 0.05 0.05 0.05 0.05 0.05 0.05 0.05 0.05 0.05 0.05 0.05 0.05 0.05 0.05 0.05 0.05 0.05 0.05 0.05 0.05 0.05 0.05 0.05 0.05 0.05 0.05 0.05 0.30 0.82 1.33 2.35 5.42 14.38 20.53 23.60 27.44 30.00 33.33 34.61 34.61 34.35 33.84 33.28 32.26 29.18 20.22 14.08 11.01 7.17 4.61 1.28 0.00 
	0.00 0.77 2.82 5.89 9.98 13.57 21.76 22.02 22.53 24.83 28.46 30.51 31.28 31.28 30.51 28.46 25.39 21.30 17.71 9.52 9.26 8.75 6.45 2.86 0.82 0.05 0.05 0.05 0.05 0.05 0.05 0.05 0.05 0.05 0.60 0.60 0.60 0.60 0.60 0.60 0.60 0.60 0.60 0.60 0.60 0.05 0.05 0.05 0.05 0.05 0.05 0.05 0.05 0.05 0.05 0.05 0.05 0.05 0.05 0.05 0.05 0.05 0.05 0.05 0.05 0.05 0.05 0.05 0.05 0.05 0.05 0.05 0.05 0.05 0.05 0.05 0.05 0.05 0.05 0.05 0.05 0.05 0.05 0.05 0.05 0.05 0.05 0.05 0.05 0.05 0.05 0.05 0.05 0.05 0.05 0.30 0.56 1.07 1.84 3.12 6.19 14.90 21.30 24.11 28.21 30.77 33.84 35.12 34.86 34.61 34.10 33.28 32.00 28.93 20.22 13.82 11.01 6.91 4.35 1.28 0.00 
	0.00 0.77 2.56 5.38 9.98 13.82 21.50 21.76 22.27 24.83 28.21 30.51 31.28 31.28 30.51 28.72 25.90 21.30 17.46 9.78 9.52 9.01 6.45 3.12 0.82 0.05 0.05 0.05 0.05 0.05 0.05 0.05 0.05 0.05 1.15 1.15 1.15 1.15 1.15 1.15 1.15 1.15 1.15 1.15 1.15 0.05 0.05 0.05 0.05 0.05 0.05 0.05 0.05 0.05 0.05 0.05 0.05 0.05 0.05 0.05 0.05 0.05 0.05 0.05 0.05 0.05 0.05 0.05 0.05 0.05 0.05 0.05 0.05 0.05 0.05 0.05 0.05 0.05 0.05 0.05 0.05 0.05 0.05 0.05 0.05 0.05 0.05 0.05 0.05 0.05 0.05 0.05 0.05 0.05 0.05 0.56 1.84 2.86 3.63 6.19 10.80 19.25 25.14 27.70 31.28 34.61 37.68 39.22 38.70 37.42 36.40 35.58 33.02 28.42 19.97 14.08 11.52 7.94 4.61 1.54 0.00 
	0.00 0.77 2.30 5.12 9.98 13.82 20.74 20.99 21.76 24.58 27.70 30.00 30.77 30.77 30.00 28.46 25.65 20.78 16.94 10.03 9.78 9.01 6.19 3.12 0.82 0.05 0.05 0.05 0.05 0.05 0.05 0.05 0.05 0.32 1.56 1.56 1.56 1.56 1.56 1.56 1.56 1.56 1.56 1.56 1.28 0.05 0.05 0.05 0.05 0.05 0.05 0.05 0.05 0.05 0.05 0.05 0.05 0.05 0.05 0.05 0.05 0.05 0.05 0.05 0.05 0.05 0.05 0.05 0.05 0.05 0.05 0.05 0.05 0.05 0.05 0.05 0.05 0.05 0.05 0.05 0.05 0.05 0.05 0.05 0.05 0.05 0.05 0.05 0.05 0.05 0.05 0.05 0.05 0.05 0.05 0.56 1.84 2.86 3.63 6.70 11.31 19.50 25.39 27.70 31.28 34.86 37.94 39.22 38.70 37.42 36.40 35.58 32.51 27.90 19.71 13.82 11.52 7.94 4.35 1.28 0.00 
	0.00 0.77 2.05 4.86 9.98 13.57 19.97 20.22 21.25 23.30 26.16 28.72 29.49 29.49 28.72 27.44 24.62 19.50 15.92 9.52 9.26 8.24 6.19 3.38 0.82 0.05 0.05 0.05 0.05 0.05 0.05 0.05 0.05 0.60 1.97 1.97 1.97 1.97 1.97 1.97 1.97 1.97 1.97 1.97 1.42 0.05 0.05 0.05 0.05 0.05 0.05 0.05 0.05 0.05 0.05 0.05 0.05 0.05 0.05 0.05 0.05 0.05 0.05 0.05 0.05 0.05 0.05 0.05 0.05 0.05 0.05 0.05 0.05 0.05 0.05 0.05 0.05 0.05 0.05 0.05 0.05 0.05 0.05 0.05 0.05 0.05 0.05 0.05 0.05 0.05 0.05 0.05 0.05 0.05 0.05 0.82 2.10 3.12 3.89 6.96 11.82 19.76 25.39 28.21 32.05 35.89 39.22 41.78 41.01 39.73 38.70 37.89 34.82 29.95 22.02 16.38 13.57 9.73 5.89 2.56 0.00 
	0.00 0.77 2.05 3.58 8.45 11.26 16.90 17.41 18.69 22.02 24.37 26.93 29.23 29.23 28.46 27.18 25.65 20.78 17.97 12.34 11.82 10.54 7.22 4.91 2.35 0.05 0.05 0.05 0.05 0.05 0.05 0.05 0.32 0.87 2.24 2.24 2.24 2.24 2.24 2.24 3.48 3.48 3.48 3.20 2.65 1.28 1.28 1.28 1.28 1.28 1.28 0.32 0.60 0.60 0.60 0.60 0.60 0.60 0.60 0.60 0.60 0.60 0.32 0.05 0.05 0.05 0.05 0.05 0.05 0.05 0.05 0.05 0.05 0.05 0.05 0.05 3.06 3.06 3.06 3.06 3.06 3.06 3.06 3.06 3.06 3.06 3.06 0.05 0.05 0.05 0.05 0.05 0.05 0.05 0.05 1.07 2.35 3.38 4.14 7.47 12.59 20.53 25.39 28.72 32.05 35.89 39.22 41.78 40.75 39.47 38.45 37.63 34.30 29.18 21.25 16.38 13.06 9.73 5.89 2.56 0.00 
	0.00 0.77 2.05 3.58 8.96 12.03 17.15 17.66 18.94 22.02 23.86 26.67 28.98 28.98 28.21 26.93 25.39 20.02 16.94 11.82 11.31 10.03 6.96 5.17 2.35 0.05 0.05 0.05 0.05 0.05 0.05 0.05 0.60 1.15 2.52 2.65 2.65 2.65 2.65 2.65 3.89 4.16 4.16 3.61 3.06 1.69 1.56 1.56 1.56 1.56 1.83 1.15 1.42 1.69 1.83 1.97 1.97 2.10 2.10 2.10 2.10 1.83 1.28 1.28 1.97 1.97 1.83 1.83 1.69 1.69 1.69 1.69 1.69 1.69 1.28 0.46 4.02 4.02 4.02 4.30 5.26 5.39 5.53 5.53 5.53 5.39 5.26 1.56 1.56 1.56 1.28 0.32 0.19 0.05 0.05 1.07 2.35 3.38 4.14 7.47 13.10 18.48 22.83 27.18 30.26 33.58 36.14 38.45 37.42 36.14 35.12 34.30 30.98 25.34 19.97 15.62 11.26 8.19 4.86 2.30 0.00 
	0.00 0.77 2.05 3.33 8.45 12.03 16.13 16.64 18.18 21.25 21.50 24.83 27.14 27.14 26.37 25.09 23.81 18.69 15.10 11.01 10.50 8.96 5.89 5.63 2.30 0.00 0.00 0.00 0.00 0.00 0.00 0.41 1.10 1.64 3.15 3.56 3.70 3.84 3.97 3.97 5.34 5.75 5.34 4.66 4.11 2.60 2.19 2.05 1.92 1.78 2.60 1.78 1.92 2.19 2.33 2.47 2.60 2.74 2.74 2.88 3.01 2.47 2.33 2.60 3.29 3.56 3.70 3.70 3.84 4.11 4.11 4.38 4.38 4.11 3.56 2.88 6.44 6.71 6.71 6.71 7.67 7.67 7.54 7.40 7.26 6.99 6.71 2.74 2.19 2.05 1.78 0.55 0.41 0.14 0.00 1.02 2.30 3.58 4.35 7.68 13.57 16.90 20.48 25.34 28.42 31.49 33.79 36.10 35.07 33.79 32.51 31.74 28.42 22.53 19.20 15.62 10.75 7.68 4.61 2.30 0.00 
	0.00 0.77 2.82 3.84 8.70 12.80 16.38 16.90 18.43 21.50 21.50 25.09 27.39 27.39 26.62 24.58 23.55 18.69 14.59 11.01 10.50 8.96 5.89 5.89 2.30 0.00 0.00 0.00 0.00 0.00 0.14 0.96 2.05 2.88 4.52 5.21 5.34 5.48 5.62 5.75 7.54 8.08 7.40 6.30 5.48 3.84 3.15 3.01 2.88 3.29 3.97 2.74 2.60 2.74 2.88 3.01 3.15 3.29 3.29 3.43 3.01 3.43 3.43 3.84 4.52 4.80 4.93 4.93 5.07 5.34 5.34 5.62 4.66 4.25 3.56 2.88 6.44 6.85 6.99 7.26 8.36 8.49 8.36 8.22 8.36 8.49 8.36 4.38 3.70 3.43 2.88 1.51 1.23 0.96 0.82 1.57 2.44 4.10 4.86 8.45 14.59 17.66 19.97 26.62 29.95 32.77 35.58 37.89 36.86 35.58 33.79 33.02 29.44 23.30 20.22 17.92 11.26 7.94 5.12 2.30 0.00 
	0.00 0.51 3.07 4.10 8.19 12.29 15.10 15.62 17.41 20.48 20.48 22.78 25.09 25.09 24.58 22.02 20.99 16.90 12.80 9.98 9.47 7.68 4.61 4.61 2.30 0.00 0.00 0.00 0.00 0.00 0.82 1.64 3.01 3.84 5.48 6.17 6.30 6.44 6.58 6.71 8.91 8.77 9.18 8.49 7.81 6.17 6.44 6.71 7.12 7.67 8.36 6.71 7.12 6.58 6.17 6.17 6.30 5.48 5.07 4.66 4.11 4.66 4.80 4.80 5.21 5.48 5.62 5.75 6.17 7.67 7.95 8.36 7.54 6.99 6.17 5.34 8.77 9.18 9.18 9.18 9.18 9.32 9.32 9.18 9.86 10.14 11.51 8.91 8.91 11.10 10.55 9.04 8.49 7.95 7.54 7.73 8.47 8.87 8.53 11.17 14.85 17.41 19.20 25.34 28.67 32.51 35.33 37.63 36.61 35.33 33.28 32.26 28.93 22.78 20.22 18.43 12.29 8.96 5.12 2.30 0.00 
	0.00 0.26 3.07 5.38 9.22 13.82 16.38 17.15 19.97 23.04 23.04 25.60 27.39 27.39 27.14 24.32 22.02 18.18 13.57 11.70 10.93 8.11 5.04 5.04 2.48 0.69 0.69 0.69 0.69 0.69 0.82 1.78 3.29 4.11 5.75 6.58 6.85 6.99 7.12 7.54 9.73 9.59 9.86 9.32 9.18 7.95 8.22 8.77 10.82 11.37 11.78 10.28 12.19 12.19 12.60 12.06 11.78 10.82 10.00 7.95 7.40 7.95 8.08 6.58 8.22 7.40 7.81 9.32 9.86 11.65 12.19 12.74 11.92 11.37 10.82 8.36 11.78 11.92 11.65 11.78 11.51 11.37 11.51 11.37 11.92 12.19 13.56 10.96 11.23 12.47 13.15 11.65 11.10 10.28 9.86 10.06 10.52 11.56 11.21 13.58 16.36 15.87 16.90 23.04 26.88 30.98 33.79 35.84 34.82 33.54 30.72 29.70 26.37 20.99 19.97 18.94 12.80 8.96 4.86 2.05 0.00 
	0.00 0.00 2.56 4.86 8.96 13.57 16.38 17.41 20.22 23.55 23.81 27.39 28.93 28.93 28.93 26.37 24.06 20.11 16.73 15.01 14.53 12.13 9.22 8.96 5.38 3.84 3.84 3.84 3.70 2.47 2.19 2.74 4.11 4.52 6.17 6.99 7.40 7.81 8.08 8.63 10.82 10.69 10.82 10.00 10.00 8.91 10.28 12.33 14.11 14.66 14.93 13.56 15.62 15.89 16.44 15.76 15.34 13.29 10.82 8.77 8.08 8.63 8.63 7.26 8.77 8.22 8.77 10.41 11.10 13.02 13.70 15.21 14.39 13.84 13.02 10.41 14.11 14.80 14.52 14.52 14.25 14.25 14.11 13.97 14.52 14.80 16.99 13.70 13.29 14.39 15.21 17.40 16.58 15.07 14.66 14.86 15.32 15.79 15.44 17.55 18.79 18.18 15.36 22.02 25.86 30.21 34.56 36.61 35.58 34.30 31.23 30.21 27.14 23.30 22.27 21.25 14.59 10.75 6.40 2.05 0.00 
	0.00 0.00 1.54 3.84 6.91 11.52 13.31 14.34 16.90 20.22 20.48 23.81 25.34 25.34 25.34 23.81 21.64 19.53 16.70 16.00 15.67 15.03 13.07 14.18 11.68 10.69 11.78 12.19 11.78 10.41 10.41 11.23 12.88 14.80 16.58 16.58 16.44 15.76 15.48 15.48 17.26 16.85 16.58 13.97 11.51 9.04 11.10 13.29 15.07 15.62 16.30 15.07 17.13 17.54 18.22 17.54 16.99 14.25 11.65 11.10 10.96 11.51 12.19 10.82 13.70 13.15 13.97 15.62 16.30 18.63 17.81 18.77 17.54 16.17 15.34 11.23 15.07 15.62 15.48 15.62 14.93 14.93 14.80 14.80 15.48 15.89 18.08 14.52 13.97 14.93 15.62 17.81 16.99 15.48 14.93 14.99 15.32 15.53 14.93 17.04 18.02 17.41 14.34 19.97 23.55 27.65 32.00 34.05 33.02 31.74 28.93 28.16 25.09 21.50 20.48 19.71 14.08 10.50 6.40 2.05 0.00 
	0.00 0.00 1.54 3.84 6.91 10.75 12.29 13.31 15.87 19.20 19.46 22.78 24.32 24.32 24.32 22.78 22.26 20.15 18.09 17.92 18.54 18.59 16.63 17.74 15.38 14.93 16.30 15.21 15.21 14.66 14.66 15.07 16.03 17.95 19.59 19.73 19.04 18.08 17.67 17.26 18.22 17.54 16.71 14.11 11.65 9.32 11.51 14.39 16.30 16.99 18.91 17.67 19.73 20.14 21.10 20.41 19.86 16.71 13.43 12.74 12.60 11.92 12.74 11.78 15.07 14.25 15.48 17.54 18.49 20.96 20.96 21.78 20.55 19.04 17.81 13.29 17.40 17.54 17.13 16.99 16.44 15.76 15.62 15.62 16.30 16.71 18.91 15.07 14.52 15.34 16.03 17.95 16.99 15.48 14.93 14.99 15.07 15.27 14.67 16.53 17.51 16.90 13.82 19.20 21.76 25.86 30.21 32.26 31.23 30.21 27.39 26.62 23.81 20.22 19.20 18.43 13.06 10.50 6.40 2.05 0.00 
	0.00 0.00 1.54 3.84 6.91 9.98 11.52 12.54 14.85 17.92 18.18 21.25 22.78 22.78 22.78 21.25 20.72 18.61 17.32 17.15 17.77 18.08 16.37 17.49 15.38 14.93 16.30 15.21 15.21 14.66 14.66 15.07 16.03 17.67 19.18 19.32 18.63 17.67 17.26 16.85 17.81 17.13 16.30 13.70 11.51 9.32 11.51 14.39 16.30 16.99 18.91 17.67 19.73 20.14 21.10 20.41 19.86 16.71 13.43 12.74 12.60 11.92 12.74 11.78 15.07 14.25 15.48 17.54 18.49 20.96 20.96 21.78 20.55 19.04 17.81 13.29 17.40 17.54 17.13 16.99 16.44 15.76 15.62 15.62 16.30 16.71 18.91 15.07 14.52 15.34 16.03 17.95 16.99 15.48 14.93 14.74 14.81 15.02 14.16 15.76 16.74 16.13 12.80 18.18 20.48 24.58 28.93 30.98 30.21 29.18 26.37 25.86 23.30 19.71 18.69 18.18 12.80 10.50 6.40 2.05 0.00 
	0.00 0.00 1.54 3.84 6.14 8.96 10.24 11.26 13.57 16.38 16.64 19.46 20.99 20.99 20.99 19.46 18.93 17.59 16.55 16.64 17.26 17.56 16.12 17.23 15.38 14.93 16.30 15.21 15.21 14.66 14.66 15.07 16.03 17.40 18.77 18.91 18.22 17.26 16.85 16.44 17.40 16.71 15.89 13.29 11.37 9.32 11.51 14.39 16.30 16.99 18.91 17.67 19.73 20.14 21.10 20.41 19.86 16.71 13.43 12.74 12.60 11.92 12.74 11.78 15.07 14.25 15.48 17.54 18.49 20.96 20.96 21.78 20.55 19.04 17.81 13.29 17.40 17.54 17.13 16.99 16.44 15.76 15.62 15.62 16.30 16.71 18.91 15.07 14.52 15.34 16.03 17.95 16.99 15.48 14.93 14.48 13.53 13.23 12.37 12.43 11.88 11.26 7.68 13.06 15.36 18.69 23.04 24.83 24.32 24.32 22.02 21.50 20.48 18.43 17.41 17.15 11.78 9.47 6.14 1.79 0.00 
	0.00 0.00 1.54 3.84 5.89 8.45 9.73 10.75 12.80 15.36 15.62 18.43 19.97 19.97 19.97 18.43 17.91 16.82 16.04 16.13 16.75 17.31 16.12 17.23 15.38 14.93 16.30 15.21 15.21 14.66 14.66 15.07 15.76 17.13 18.49 18.63 17.95 16.99 16.58 16.17 15.89 15.21 14.39 12.06 10.14 8.08 10.28 13.15 15.07 15.76 17.67 17.40 19.18 19.59 20.55 19.86 19.32 16.17 12.88 12.19 12.06 11.37 12.47 11.78 15.07 14.25 15.48 17.54 18.49 20.96 20.96 21.78 20.55 19.04 17.81 13.29 14.39 14.52 14.11 13.97 13.43 12.74 12.60 12.60 13.29 13.70 15.89 15.07 14.52 15.34 16.03 17.95 16.99 15.48 14.93 14.48 13.53 13.23 12.37 11.92 11.37 10.75 6.91 12.29 14.34 17.15 20.48 22.02 21.50 21.50 19.20 18.69 18.18 16.13 15.10 15.10 9.73 7.68 4.86 1.54 0.00 
	0.00 0.00 1.54 3.84 5.63 7.94 9.22 10.24 12.03 14.34 14.59 17.15 18.69 18.69 18.69 17.15 16.63 15.80 15.27 15.36 15.99 16.80 15.86 16.98 15.38 14.93 16.30 15.21 15.21 14.66 14.66 15.07 15.48 16.85 18.22 18.22 17.54 16.58 16.17 15.76 15.48 14.52 13.70 11.65 9.73 7.67 10.00 12.88 14.80 15.48 17.13 16.58 18.36 18.49 19.32 18.49 17.95 14.66 11.37 10.69 10.55 10.14 11.51 10.55 13.15 12.33 13.70 15.76 16.85 19.32 19.32 20.14 18.91 17.40 16.58 12.88 13.43 13.56 13.15 12.74 11.23 10.41 10.14 10.14 10.82 11.37 13.70 13.56 13.02 13.84 14.80 17.67 16.85 15.48 14.93 14.23 13.28 12.97 12.11 11.66 10.86 9.98 6.14 11.01 12.80 15.10 17.92 17.92 17.66 17.66 15.36 14.85 14.34 12.54 11.78 11.78 6.91 5.12 2.82 0.00 0.00 
	0.00 0.00 1.54 3.84 5.63 7.68 8.70 9.47 11.01 11.26 11.52 14.08 14.08 14.08 14.08 12.54 12.02 11.19 10.92 11.27 12.15 13.21 14.33 15.44 13.84 14.93 16.30 15.21 15.21 14.66 14.66 14.66 14.93 16.30 17.54 17.26 16.44 15.34 14.80 14.39 13.97 12.88 12.47 10.55 8.63 6.71 9.32 12.33 14.39 15.21 16.30 15.89 17.81 17.95 18.77 17.95 17.26 13.97 10.69 9.86 9.59 9.45 10.41 9.18 11.78 10.69 11.78 13.84 14.66 16.85 16.85 17.40 16.17 14.93 14.25 10.41 10.96 10.82 10.41 10.28 8.77 8.08 8.08 8.22 9.04 9.73 12.19 12.33 12.33 13.29 14.25 17.40 16.58 15.34 14.93 13.97 13.02 12.71 11.86 11.15 10.09 9.22 5.38 9.47 11.26 13.31 15.87 15.87 15.87 15.87 13.57 13.06 12.80 11.26 10.50 10.50 6.40 4.61 2.56 0.00 0.00 
	0.00 0.00 1.54 3.07 4.35 6.14 7.17 7.94 9.47 9.73 9.98 12.29 12.29 12.29 12.29 10.75 11.00 10.68 10.66 11.01 11.89 12.96 14.07 15.18 13.84 14.93 16.30 15.21 15.21 14.66 14.52 14.11 13.97 15.07 16.17 15.62 14.80 13.70 13.15 12.60 11.78 10.55 10.41 8.91 7.26 5.48 8.36 11.37 13.43 13.70 14.93 14.93 17.13 17.40 18.22 17.40 16.71 13.43 10.14 9.32 9.59 8.49 9.32 7.95 10.55 9.45 10.55 12.60 13.43 15.62 15.62 16.17 15.89 14.80 14.25 10.41 10.96 10.69 10.14 9.73 8.08 7.26 7.26 7.40 7.95 8.22 10.55 10.69 10.82 11.92 13.15 16.44 15.76 14.52 14.11 13.43 12.88 12.71 11.60 10.90 9.32 8.19 4.35 7.42 8.96 10.75 13.31 13.31 13.31 13.31 11.01 10.75 10.50 9.47 8.96 8.96 5.89 4.35 2.56 0.00 0.00 
	0.00 0.00 1.54 3.07 4.10 5.38 6.14 6.91 8.19 8.45 8.70 10.50 10.50 10.50 10.50 8.96 9.20 9.14 9.64 10.24 11.12 12.44 13.56 14.67 13.84 14.93 16.30 15.21 15.21 14.66 13.84 13.43 13.02 14.11 15.21 14.66 13.84 12.74 12.19 11.65 10.41 9.86 8.63 6.71 4.93 3.15 5.07 7.67 9.18 9.32 10.55 10.96 12.60 13.56 14.93 14.25 13.56 11.23 8.36 8.08 8.49 7.26 7.95 6.99 9.86 8.77 9.86 11.78 12.33 13.29 13.02 13.43 13.02 12.06 11.65 7.95 8.63 8.36 7.95 7.81 7.26 6.44 6.30 6.44 6.44 6.58 7.40 6.17 5.62 4.25 5.48 8.91 8.49 7.54 7.40 7.26 6.85 7.94 8.19 8.18 8.30 6.91 3.07 5.63 7.17 8.70 11.26 11.26 11.26 11.26 9.22 8.96 8.70 8.45 8.19 8.19 5.63 4.10 2.56 0.00 0.00 
	0.00 0.00 0.77 2.30 3.07 3.84 4.61 5.38 6.66 6.91 7.17 8.70 8.70 8.70 8.70 7.94 8.18 8.37 9.38 9.31 10.18 11.50 12.61 13.73 13.15 14.25 15.62 14.52 14.52 13.97 13.84 13.29 12.74 13.84 14.93 14.25 13.29 12.19 11.65 10.82 9.59 9.04 7.95 5.89 3.56 1.37 3.29 5.62 5.48 5.62 7.12 7.40 7.54 7.95 8.49 8.36 8.08 5.89 3.43 4.80 5.21 3.97 4.66 5.21 6.85 6.85 7.67 8.22 8.63 9.32 8.77 9.04 8.63 7.67 6.99 4.93 5.62 5.62 5.48 5.21 4.93 4.38 4.11 4.25 4.38 4.52 5.34 4.11 3.29 2.88 2.88 6.30 5.89 5.21 5.07 4.93 4.80 5.51 5.76 5.76 5.76 5.63 1.79 2.30 3.33 4.86 6.40 6.40 6.40 6.40 4.86 4.61 4.61 4.61 4.61 4.61 4.10 3.07 1.54 0.00 0.00 
	0.00 0.00 0.26 1.79 2.30 3.07 3.84 4.61 5.63 5.89 6.14 7.42 7.42 7.42 7.42 7.17 7.41 7.72 7.50 7.01 7.34 8.50 9.21 10.32 10.00 11.10 12.47 11.37 11.51 12.19 12.47 12.33 11.92 13.43 14.52 13.84 12.74 11.37 10.69 9.73 8.49 7.95 6.99 5.21 2.74 0.41 1.23 2.05 2.19 2.33 3.97 4.11 4.11 4.25 4.66 4.66 4.52 3.43 2.60 3.97 4.52 3.29 4.11 4.52 6.30 6.03 6.71 7.12 7.40 7.95 7.26 6.58 6.17 5.21 4.80 2.88 3.29 2.74 2.60 2.47 2.19 1.51 1.51 1.64 1.78 1.92 1.92 1.37 1.23 0.96 0.82 0.55 0.41 0.41 0.27 0.14 0.00 1.28 1.28 1.28 1.28 1.28 1.28 1.79 2.56 3.07 4.61 4.61 4.61 4.61 3.33 3.33 3.33 3.33 3.33 3.33 2.82 2.05 1.54 0.00 0.00 
	0.00 0.00 0.00 0.00 0.51 0.77 1.28 1.79 1.79 2.05 2.30 3.33 3.33 3.33 3.33 3.33 4.97 4.46 4.20 3.97 4.42 5.10 4.84 4.58 3.70 4.25 4.52 3.01 3.43 4.25 4.25 3.84 3.15 3.15 3.56 3.70 3.15 2.88 2.74 2.33 1.51 1.23 0.69 0.69 0.69 0.27 0.41 1.10 1.23 1.37 2.60 2.60 2.60 2.60 2.88 2.88 2.88 2.47 1.78 1.64 1.64 0.41 0.55 0.96 1.37 1.10 1.51 1.92 2.19 2.33 3.15 3.01 3.01 2.88 2.47 2.05 2.33 1.92 1.64 1.37 1.51 0.82 0.82 0.82 0.82 0.82 0.82 0.55 0.55 0.41 0.41 0.14 0.00 0.00 0.00 0.00 0.00 0.26 0.26 0.26 0.26 0.26 0.26 0.77 1.02 1.28 2.82 2.82 2.82 2.82 2.56 2.56 2.56 2.56 2.56 2.56 2.05 1.79 1.54 0.00 0.00 
	0.00 0.00 0.00 0.00 0.00 0.00 0.00 0.00 0.00 0.00 0.00 0.00 0.00 0.00 0.00 0.00 0.00 0.00 0.00 0.00 0.00 0.00 0.00 0.00 0.00 0.00 0.00 0.00 0.00 0.00 0.00 0.00 0.00 0.00 0.00 0.00 0.00 0.00 0.00 0.00 0.00 0.00 0.00 0.00 0.00 0.00 0.00 0.00 0.00 0.00 0.00 0.00 0.00 0.00 0.00 0.00 0.00 0.00 0.00 0.00 0.00 0.00 0.00 0.00 0.00 0.00 0.00 0.00 0.00 0.00 0.00 0.00 0.00 0.00 0.00 0.00 0.00 0.00 0.00 0.00 0.00 0.00 0.00 0.00 0.00 0.00 0.00 0.00 0.00 0.00 0.00 0.00 0.00 0.00 0.00 0.00 0.00 0.00 0.00 0.00 0.00 0.00 0.00 0.00 0.00 0.00 0.00 0.00 0.00 0.00 0.00 0.00 0.00 0.00 0.00 0.00 0.00 0.00 0.00 0.00 0.00 
END_FIELD
END_LOAD